129.0	1
129.01	1
129.02	1
129.03	1
129.04	1
129.05	1
129.06	1
129.07	1
129.08	1
129.09	1
129.1	1
129.11	1
129.12	1
129.13	1
129.14	1
129.15	1
129.16	1
129.17	1
129.18	1
129.19	1
129.2	1
129.21	1
129.22	1
129.23	1
129.24	1
129.25	1
129.26	1
129.27	1
129.28	1
129.29	1
129.3	1
129.31	1
129.32	1
129.33	1
129.34	1
129.35	1
129.36	1
129.37	1
129.38	1
129.39	1
129.4	1
129.41	1
129.42	1
129.43	1
129.44	1
129.45	1
129.46	1
129.47	1
129.48	1
129.49	1
129.5	1
129.51	1
129.52	1
129.53	1
129.54	1
129.55	1
129.56	1
129.57	1
129.58	1
129.59	1
129.6	1
129.61	1
129.62	1
129.63	1
129.64	1
129.65	1
129.66	1
129.67	1
129.68	1
129.69	1
129.7	1
129.71	1
129.72	1
129.73	1
129.74	1
129.75	1
129.76	1
129.77	1
129.78	1
129.79	1
129.8	1
129.81	1
129.82	1
129.83	1
129.84	1
129.85	1
129.86	1
129.87	1
129.88	1
129.89	1
129.9	1
129.91	1
129.92	1
129.93	1
129.94	1
129.95	1
129.96	1
129.97	1
129.98	1
129.99	1
130.0	1
130.01	1
130.02	1
130.03	1
130.04	1
130.05	1
130.06	1
130.07	1
130.08	1
130.09	1
130.1	1
130.11	1
130.12	1
130.13	1
130.14	1
130.15	1
130.16	1
130.17	1
130.18	1
130.19	1
130.2	1
130.21	1
130.22	1
130.23	1
130.24	1
130.25	1
130.26	1
130.27	1
130.28	1
130.29	1
130.3	1
130.31	1
130.32	1
130.33	1
130.34	1
130.35	1
130.36	1
130.37	1
130.38	1
130.39	1
130.4	1
130.41	1
130.42	1
130.43	1
130.44	1
130.45	1
130.46	1
130.47	1
130.48	1
130.49	1
130.5	1
130.51	1
130.52	1
130.53	1
130.54	1
130.55	1
130.56	1
130.57	1
130.58	1
130.59	1
130.6	1
130.61	1
130.62	1
130.63	1
130.64	1
130.65	1
130.66	1
130.67	1
130.68	1
130.69	1
130.7	1
130.71	1
130.72	1
130.73	1
130.74	1
130.75	1
130.76	1
130.77	1
130.78	1
130.79	1
130.8	1
130.81	1
130.82	1
130.83	1
130.84	1
130.85	1
130.86	1
130.87	1
130.88	1
130.89	1
130.9	1
130.91	1
130.92	1
130.93	1
130.94	1
130.95	1
130.96	1
130.97	1
130.98	1
130.99	1
131.0	1
131.01	1
131.02	1
131.03	1
131.04	1
131.05	1
131.06	1
131.07	1
131.08	1
131.09	1
131.1	1
131.11	1
131.12	1
131.13	1
131.14	1
131.15	1
131.16	1
131.17	1
131.18	1
131.19	1
131.2	1
131.21	1
131.22	1
131.23	1
131.24	1
131.25	1
131.26	1
131.27	1
131.28	1
131.29	1
131.3	1
131.31	1
131.32	1
131.33	1
131.34	1
131.35	1
131.36	1
131.37	1
131.38	1
131.39	1
131.4	1
131.41	1
131.42	1
131.43	1
131.44	1
131.45	1
131.46	1
131.47	1
131.48	1
131.49	1
131.5	1
131.51	1
131.52	1
131.53	1
131.54	1
131.55	1
131.56	1
131.57	1
131.58	1
131.59	1
131.6	1
131.61	1
131.62	1
131.63	1
131.64	1
131.65	1
131.66	1
131.67	1
131.68	1
131.69	1
131.7	1
131.71	1
131.72	1
131.73	1
131.74	1
131.75	1
131.76	1
131.77	1
131.78	1
131.79	1
131.8	1
131.81	1
131.82	1
131.83	1
131.84	1
131.85	1
131.86	1
131.87	1
131.88	1
131.89	1
131.9	1
131.91	1
131.92	1
131.93	1
131.94	1
131.95	1
131.96	1
131.97	1
131.98	1
131.99	1
132.0	1
132.01	1
132.02	1
132.03	1
132.04	1
132.05	1
132.06	1
132.07	1
132.08	1
132.09	1
132.1	1
132.11	1
132.12	1
132.13	1
132.14	1
132.15	1
132.16	1
132.17	1
132.18	1
132.19	1
132.2	1
132.21	1
132.22	1
132.23	1
132.24	1
132.25	1
132.26	1
132.27	1
132.28	1
132.29	1
132.3	1
132.31	1
132.32	1
132.33	1
132.34	1
132.35	1
132.36	1
132.37	1
132.38	1
132.39	1
132.4	1
132.41	1
132.42	1
132.43	1
132.44	1
132.45	1
132.46	1
132.47	1
132.48	1
132.49	1
132.5	1
132.51	1
132.52	1
132.53	1
132.54	1
132.55	1
132.56	1
132.57	1
132.58	1
132.59	1
132.6	1
132.61	1
132.62	1
132.63	1
132.64	1
132.65	1
132.66	1
132.67	1
132.68	1
132.69	1
132.7	1
132.71	1
132.72	1
132.73	1
132.74	1
132.75	1
132.76	1
132.77	1
132.78	1
132.79	1
132.8	1
132.81	1
132.82	1
132.83	1
132.84	1
132.85	1
132.86	1
132.87	1
132.88	1
132.89	1
132.9	1
132.91	1
132.92	1
132.93	1
132.94	1
132.95	1
132.96	1
132.97	1
132.98	1
132.99	1
133.0	1
133.01	1
133.02	1
133.03	1
133.04	1
133.05	1
133.06	1
133.07	1
133.08	1
133.09	1
133.1	1
133.11	1
133.12	1
133.13	1
133.14	1
133.15	1
133.16	1
133.17	1
133.18	1
133.19	1
133.2	1
133.21	1
133.22	1
133.23	1
133.24	1
133.25	1
133.26	1
133.27	1
133.28	1
133.29	1
133.3	1
133.31	1
133.32	1
133.33	1
133.34	1
133.35	1
133.36	1
133.37	1
133.38	1
133.39	1
133.4	1
133.41	1
133.42	1
133.43	1
133.44	1
133.45	1
133.46	1
133.47	1
133.48	1
133.49	1
133.5	1
133.51	1
133.52	1
133.53	1
133.54	1
133.55	1
133.56	1
133.57	1
133.58	1
133.59	1
133.6	1
133.61	1
133.62	1
133.63	1
133.64	1
133.65	1
133.66	1
133.67	1
133.68	1
133.69	1
133.7	1
133.71	1
133.72	1
133.73	1
133.74	1
133.75	1
133.76	1
133.77	1
133.78	1
133.79	1
133.8	1
133.81	1
133.82	1
133.83	1
133.84	1
133.85	1
133.86	1
133.87	1
133.88	1
133.89	1
133.9	1
133.91	1
133.92	1
133.93	1
133.94	1
133.95	1
133.96	1
133.97	1
133.98	1
133.99	1
134.0	1
134.01	1
134.02	1
134.03	1
134.04	1
134.05	1
134.06	1
134.07	1
134.08	1
134.09	1
134.1	1
134.11	1
134.12	1
134.13	1
134.14	1
134.15	1
134.16	1
134.17	1
134.18	1
134.19	1
134.2	1
134.21	1
134.22	1
134.23	1
134.24	1
134.25	1
134.26	1
134.27	1
134.28	1
134.29	1
134.3	1
134.31	1
134.32	1
134.33	1
134.34	1
134.35	1
134.36	1
134.37	1
134.38	1
134.39	1
134.4	1
134.41	1
134.42	1
134.43	1
134.44	1
134.45	1
134.46	1
134.47	1
134.48	1
134.49	1
134.5	1
134.51	1
134.52	1
134.53	1
134.54	1
134.55	1
134.56	1
134.57	1
134.58	1
134.59	1
134.6	1
134.61	1
134.62	1
134.63	1
134.64	1
134.65	1
134.66	1
134.67	1
134.68	1
134.69	1
134.7	1
134.71	1
134.72	1
134.73	1
134.74	1
134.75	1
134.76	1
134.77	1
134.78	1
134.79	1
134.8	1
134.81	1
134.82	1
134.83	1
134.84	1
134.85	1
134.86	1
134.87	1
134.88	1
134.89	1
134.9	1
134.91	1
134.92	1
134.93	1
134.94	1
134.95	1
134.96	1
134.97	1
134.98	1
134.99	1
135.0	1
135.01	1
135.02	1
135.03	1
135.04	1
135.05	1
135.06	1
135.07	1
135.08	1
135.09	1
135.1	1
135.11	1
135.12	1
135.13	1
135.14	1
135.15	1
135.16	1
135.17	1
135.18	1
135.19	1
135.2	1
135.21	1
135.22	1
135.23	1
135.24	1
135.25	1
135.26	1
135.27	1
135.28	1
135.29	1
135.3	1
135.31	1
135.32	1
135.33	1
135.34	1
135.35	1
135.36	1
135.37	1
135.38	1
135.39	1
135.4	1
135.41	1
135.42	1
135.43	1
135.44	1
135.45	1
135.46	1
135.47	1
135.48	1
135.49	1
135.5	1
135.51	1
135.52	1
135.53	1
135.54	1
135.55	1
135.56	1
135.57	1
135.58	1
135.59	1
135.6	1
135.61	1
135.62	1
135.63	1
135.64	1
135.65	1
135.66	1
135.67	1
135.68	1
135.69	1
135.7	1
135.71	1
135.72	1
135.73	1
135.74	1
135.75	1
135.76	1
135.77	1
135.78	1
135.79	1
135.8	1
135.81	1
135.82	1
135.83	1
135.84	1
135.85	1
135.86	1
135.87	1
135.88	1
135.89	1
135.9	1
135.91	1
135.92	1
135.93	1
135.94	1
135.95	1
135.96	1
135.97	1
135.98	1
135.99	1
136.0	1
136.01	1
136.02	1
136.03	1
136.04	1
136.05	1
136.06	1
136.07	1
136.08	1
136.09	1
136.1	1
136.11	1
136.12	1
136.13	1
136.14	1
136.15	1
136.16	1
136.17	1
136.18	1
136.19	1
136.2	1
136.21	1
136.22	1
136.23	1
136.24	1
136.25	1
136.26	1
136.27	1
136.28	1
136.29	1
136.3	1
136.31	1
136.32	1
136.33	1
136.34	1
136.35	1
136.36	1
136.37	1
136.38	1
136.39	1
136.4	1
136.41	1
136.42	1
136.43	1
136.44	1
136.45	1
136.46	1
136.47	1
136.48	1
136.49	1
136.5	1
136.51	1
136.52	1
136.53	1
136.54	1
136.55	1
136.56	1
136.57	1
136.58	1
136.59	1
136.6	1
136.61	1
136.62	1
136.63	1
136.64	1
136.65	1
136.66	1
136.67	1
136.68	1
136.69	1
136.7	1
136.71	1
136.72	1
136.73	1
136.74	1
136.75	1
136.76	1
136.77	1
136.78	1
136.79	1
136.8	1
136.81	1
136.82	1
136.83	1
136.84	1
136.85	1
136.86	1
136.87	1
136.88	1
136.89	1
136.9	1
136.91	1
136.92	1
136.93	1
136.94	1
136.95	1
136.96	1
136.97	1
136.98	1
136.99	1
137.0	1
137.01	1
137.02	1
137.03	1
137.04	1
137.05	1
137.06	1
137.07	1
137.08	1
137.09	1
137.1	1
137.11	1
137.12	1
137.13	1
137.14	1
137.15	1
137.16	1
137.17	1
137.18	1
137.19	1
137.2	1
137.21	1
137.22	1
137.23	1
137.24	1
137.25	1
137.26	1
137.27	1
137.28	1
137.29	1
137.3	1
137.31	1
137.32	1
137.33	1
137.34	1
137.35	1
137.36	1
137.37	1
137.38	1
137.39	1
137.4	1
137.41	1
137.42	1
137.43	1
137.44	1
137.45	1
137.46	1
137.47	1
137.48	1
137.49	1
137.5	1
137.51	1
137.52	1
137.53	1
137.54	1
137.55	1
137.56	1
137.57	1
137.58	1
137.59	1
137.6	1
137.61	1
137.62	1
137.63	1
137.64	1
137.65	1
137.66	1
137.67	1
137.68	1
137.69	1
137.7	1
137.71	1
137.72	1
137.73	1
137.74	1
137.75	1
137.76	1
137.77	1
137.78	1
137.79	1
137.8	1
137.81	1
137.82	1
137.83	1
137.84	1
137.85	1
137.86	1
137.87	1
137.88	1
137.89	1
137.9	1
137.91	1
137.92	1
137.93	1
137.94	1
137.95	1
137.96	1
137.97	1
137.98	1
137.99	1
138.0	1
138.01	1
138.02	1
138.03	1
138.04	1
138.05	1
138.06	1
138.07	1
138.08	1
138.09	1
138.1	1
138.11	1
138.12	1
138.13	1
138.14	1
138.15	1
138.16	1
138.17	1
138.18	1
138.19	1
138.2	1
138.21	1
138.22	1
138.23	1
138.24	1
138.25	1
138.26	1
138.27	1
138.28	1
138.29	1
138.3	1
138.31	1
138.32	1
138.33	1
138.34	1
138.35	1
138.36	1
138.37	1
138.38	1
138.39	1
138.4	1
138.41	1
138.42	1
138.43	1
138.44	1
138.45	1
138.46	1
138.47	1
138.48	1
138.49	1
138.5	1
138.51	1
138.52	1
138.53	1
138.54	1
138.55	1
138.56	1
138.57	1
138.58	1
138.59	1
138.6	1
138.61	1
138.62	1
138.63	1
138.64	1
138.65	1
138.66	1
138.67	1
138.68	1
138.69	1
138.7	1
138.71	1
138.72	1
138.73	1
138.74	1
138.75	1
138.76	1
138.77	1
138.78	1
138.79	1
138.8	1
138.81	1
138.82	1
138.83	1
138.84	1
138.85	1
138.86	1
138.87	1
138.88	1
138.89	1
138.9	1
138.91	1
138.92	1
138.93	1
138.94	1
138.95	1
138.96	1
138.97	1
138.98	1
138.99	1
139.0	1
139.01	1
139.02	1
139.03	1
139.04	1
139.05	1
139.06	1
139.07	1
139.08	1
139.09	1
139.1	1
139.11	1
139.12	1
139.13	1
139.14	1
139.15	1
139.16	1
139.17	1
139.18	1
139.19	1
139.2	1
139.21	1
139.22	1
139.23	1
139.24	1
139.25	1
139.26	1
139.27	1
139.28	1
139.29	1
139.3	1
139.31	1
139.32	1
139.33	1
139.34	1
139.35	1
139.36	1
139.37	1
139.38	1
139.39	1
139.4	1
139.41	1
139.42	1
139.43	1
139.44	1
139.45	1
139.46	1
139.47	1
139.48	1
139.49	1
139.5	1
139.51	1
139.52	1
139.53	1
139.54	1
139.55	1
139.56	1
139.57	1
139.58	1
139.59	1
139.6	1
139.61	1
139.62	1
139.63	1
139.64	1
139.65	1
139.66	1
139.67	1
139.68	1
139.69	1
139.7	1
139.71	1
139.72	1
139.73	1
139.74	1
139.75	1
139.76	1
139.77	1
139.78	1
139.79	1
139.8	1
139.81	1
139.82	1
139.83	1
139.84	1
139.85	1
139.86	1
139.87	1
139.88	1
139.89	1
139.9	1
139.91	1
139.92	1
139.93	1
139.94	1
139.95	1
139.96	1
139.97	1
139.98	1
139.99	1
140.0	1
140.01	1
140.02	1
140.03	1
140.04	1
140.05	1
140.06	1
140.07	1
140.08	1
140.09	1
140.1	1
140.11	1
140.12	1
140.13	1
140.14	1
140.15	1
140.16	1
140.17	1
140.18	1
140.19	1
140.2	1
140.21	1
140.22	1
140.23	1
140.24	1
140.25	1
140.26	1
140.27	1
140.28	1
140.29	1
140.3	1
140.31	1
140.32	1
140.33	1
140.34	1
140.35	1
140.36	1
140.37	1
140.38	1
140.39	1
140.4	1
140.41	1
140.42	1
140.43	1
140.44	1
140.45	1
140.46	1
140.47	1
140.48	1
140.49	1
140.5	1
140.51	1
140.52	1
140.53	1
140.54	1
140.55	1
140.56	1
140.57	1
140.58	1
140.59	1
140.6	1
140.61	1
140.62	1
140.63	1
140.64	1
140.65	1
140.66	1
140.67	1
140.68	1
140.69	1
140.7	1
140.71	1
140.72	1
140.73	1
140.74	1
140.75	1
140.76	1
140.77	1
140.78	1
140.79	1
140.8	1
140.81	1
140.82	1
140.83	1
140.84	1
140.85	1
140.86	1
140.87	1
140.88	1
140.89	1
140.9	1
140.91	1
140.92	1
140.93	1
140.94	1
140.95	1
140.96	1
140.97	1
140.98	1
140.99	1
141.0	1
141.01	1
141.02	1
141.03	1
141.04	1
141.05	1
141.06	1
141.07	1
141.08	1
141.09	1
141.1	1
141.11	1
141.12	1
141.13	1
141.14	1
141.15	1
141.16	1
141.17	1
141.18	1
141.19	1
141.2	1
141.21	1
141.22	1
141.23	1
141.24	1
141.25	1
141.26	1
141.27	1
141.28	1
141.29	1
141.3	1
141.31	1
141.32	1
141.33	1
141.34	1
141.35	1
141.36	1
141.37	1
141.38	1
141.39	1
141.4	1
141.41	1
141.42	1
141.43	1
141.44	1
141.45	1
141.46	1
141.47	1
141.48	1
141.49	1
141.5	1
141.51	1
141.52	1
141.53	1
141.54	1
141.55	1
141.56	1
141.57	1
141.58	1
141.59	1
141.6	1
141.61	1
141.62	1
141.63	1
141.64	1
141.65	1
141.66	1
141.67	1
141.68	1
141.69	1
141.7	1
141.71	1
141.72	1
141.73	1
141.74	1
141.75	1
141.76	1
141.77	1
141.78	1
141.79	1
141.8	1
141.81	1
141.82	1
141.83	1
141.84	1
141.85	1
141.86	1
141.87	1
141.88	1
141.89	1
141.9	1
141.91	1
141.92	1
141.93	1
141.94	1
141.95	1
141.96	1
141.97	1
141.98	1
141.99	1
142.0	1
142.01	1
142.02	1
142.03	1
142.04	1
142.05	1
142.06	1
142.07	1
142.08	1
142.09	1
142.1	1
142.11	1
142.12	1
142.13	1
142.14	1
142.15	1
142.16	1
142.17	1
142.18	1
142.19	1
142.2	1
142.21	1
142.22	1
142.23	1
142.24	1
142.25	1
142.26	1
142.27	1
142.28	1
142.29	1
142.3	1
142.31	1
142.32	1
142.33	1
142.34	1
142.35	1
142.36	1
142.37	1
142.38	1
142.39	1
142.4	1
142.41	1
142.42	1
142.43	1
142.44	1
142.45	1
142.46	1
142.47	1
142.48	1
142.49	1
142.5	1
142.51	1
142.52	1
142.53	1
142.54	1
142.55	1
142.56	1
142.57	1
142.58	1
142.59	1
142.6	1
142.61	1
142.62	1
142.63	1
142.64	1
142.65	1
142.66	1
142.67	1
142.68	1
142.69	1
142.7	1
142.71	1
142.72	1
142.73	1
142.74	1
142.75	1
142.76	1
142.77	1
142.78	1
142.79	1
142.8	1
142.81	1
142.82	1
142.83	1
142.84	1
142.85	1
142.86	1
142.87	1
142.88	1
142.89	1
142.9	1
142.91	1
142.92	1
142.93	1
142.94	1
142.95	1
142.96	1
142.97	1
142.98	1
142.99	1
143.0	1
143.01	1
143.02	1
143.03	1
143.04	1
143.05	1
143.06	1
143.07	1
143.08	1
143.09	1
143.1	1
143.11	1
143.12	1
143.13	1
143.14	1
143.15	1
143.16	1
143.17	1
143.18	1
143.19	1
143.2	1
143.21	1
143.22	1
143.23	1
143.24	1
143.25	1
143.26	1
143.27	1
143.28	1
143.29	1
143.3	1
143.31	1
143.32	1
143.33	1
143.34	1
143.35	1
143.36	1
143.37	1
143.38	1
143.39	1
143.4	1
143.41	1
143.42	1
143.43	1
143.44	1
143.45	1
143.46	1
143.47	1
143.48	1
143.49	1
143.5	1
143.51	1
143.52	1
143.53	1
143.54	1
143.55	1
143.56	1
143.57	1
143.58	1
143.59	1
143.6	1
143.61	1
143.62	1
143.63	1
143.64	1
143.65	1
143.66	1
143.67	1
143.68	1
143.69	1
143.7	1
143.71	1
143.72	1
143.73	1
143.74	1
143.75	1
143.76	1
143.77	1
143.78	1
143.79	1
143.8	1
143.81	1
143.82	1
143.83	1
143.84	1
143.85	1
143.86	1
143.87	1
143.88	1
143.89	1
143.9	1
143.91	1
143.92	1
143.93	1
143.94	1
143.95	1
143.96	1
143.97	1
143.98	1
143.99	1
144.0	1
144.01	1
144.02	1
144.03	1
144.04	1
144.05	1
144.06	1
144.07	1
144.08	1
144.09	1
144.1	1
144.11	1
144.12	1
144.13	1
144.14	1
144.15	1
144.16	1
144.17	1
144.18	1
144.19	1
144.2	1
144.21	1
144.22	1
144.23	1
144.24	1
144.25	1
144.26	1
144.27	1
144.28	1
144.29	1
144.3	1
144.31	1
144.32	1
144.33	1
144.34	1
144.35	1
144.36	1
144.37	1
144.38	1
144.39	1
144.4	1
144.41	1
144.42	1
144.43	1
144.44	1
144.45	1
144.46	1
144.47	1
144.48	1
144.49	1
144.5	1
144.51	1
144.52	1
144.53	1
144.54	1
144.55	1
144.56	1
144.57	1
144.58	1
144.59	1
144.6	1
144.61	1
144.62	1
144.63	1
144.64	1
144.65	1
144.66	1
144.67	1
144.68	1
144.69	1
144.7	1
144.71	1
144.72	1
144.73	1
144.74	1
144.75	1
144.76	1
144.77	1
144.78	1
144.79	1
144.8	1
144.81	1
144.82	1
144.83	1
144.84	1
144.85	1
144.86	1
144.87	1
144.88	1
144.89	1
144.9	1
144.91	1
144.92	1
144.93	1
144.94	1
144.95	1
144.96	1
144.97	1
144.98	1
144.99	1
145.0	1
145.01	1
145.02	1
145.03	1
145.04	1
145.05	1
145.06	1
145.07	1
145.08	1
145.09	1
145.1	1
145.11	1
145.12	1
145.13	1
145.14	1
145.15	1
145.16	1
145.17	1
145.18	1
145.19	1
145.2	1
145.21	1
145.22	1
145.23	1
145.24	1
145.25	1
145.26	1
145.27	1
145.28	1
145.29	1
145.3	1
145.31	1
145.32	1
145.33	1
145.34	1
145.35	1
145.36	1
145.37	1
145.38	1
145.39	1
145.4	1
145.41	1
145.42	1
145.43	1
145.44	1
145.45	1
145.46	1
145.47	1
145.48	1
145.49	1
145.5	1
145.51	1
145.52	1
145.53	1
145.54	1
145.55	1
145.56	1
145.57	1
145.58	1
145.59	1
145.6	1
145.61	1
145.62	1
145.63	1
145.64	1
145.65	1
145.66	1
145.67	1
145.68	1
145.69	1
145.7	1
145.71	1
145.72	1
145.73	1
145.74	1
145.75	1
145.76	1
145.77	1
145.78	1
145.79	1
145.8	1
145.81	1
145.82	1
145.83	1
145.84	1
145.85	1
145.86	1
145.87	1
145.88	1
145.89	1
145.9	1
145.91	1
145.92	1
145.93	1
145.94	1
145.95	1
145.96	1
145.97	1
145.98	1
145.99	1
146.0	1
146.01	1
146.02	1
146.03	1
146.04	1
146.05	1
146.06	1
146.07	1
146.08	1
146.09	1
146.1	1
146.11	1
146.12	1
146.13	1
146.14	1
146.15	1
146.16	1
146.17	1
146.18	1
146.19	1
146.2	1
146.21	1
146.22	1
146.23	1
146.24	1
146.25	1
146.26	1
146.27	1
146.28	1
146.29	1
146.3	1
146.31	1
146.32	1
146.33	1
146.34	1
146.35	1
146.36	1
146.37	1
146.38	1
146.39	1
146.4	1
146.41	1
146.42	1
146.43	1
146.44	1
146.45	1
146.46	1
146.47	1
146.48	1
146.49	1
146.5	1
146.51	1
146.52	1
146.53	1
146.54	1
146.55	1
146.56	1
146.57	1
146.58	1
146.59	1
146.6	1
146.61	1
146.62	1
146.63	1
146.64	1
146.65	1
146.66	1
146.67	1
146.68	1
146.69	1
146.7	1
146.71	1
146.72	1
146.73	1
146.74	1
146.75	1
146.76	1
146.77	1
146.78	1
146.79	1
146.8	1
146.81	1
146.82	1
146.83	1
146.84	1
146.85	1
146.86	1
146.87	1
146.88	1
146.89	1
146.9	1
146.91	1
146.92	1
146.93	1
146.94	1
146.95	1
146.96	1
146.97	1
146.98	1
146.99	1
147.0	1
147.01	1
147.02	1
147.03	1
147.04	1
147.05	1
147.06	1
147.07	1
147.08	1
147.09	1
147.1	1
147.11	1
147.12	1
147.13	1
147.14	1
147.15	1
147.16	1
147.17	1
147.18	1
147.19	1
147.2	1
147.21	1
147.22	1
147.23	1
147.24	1
147.25	1
147.26	1
147.27	1
147.28	1
147.29	1
147.3	1
147.31	1
147.32	1
147.33	1
147.34	1
147.35	1
147.36	1
147.37	1
147.38	1
147.39	1
147.4	1
147.41	1
147.42	1
147.43	1
147.44	1
147.45	1
147.46	1
147.47	1
147.48	1
147.49	1
147.5	1
147.51	1
147.52	1
147.53	1
147.54	1
147.55	1
147.56	1
147.57	1
147.58	1
147.59	1
147.6	1
147.61	1
147.62	1
147.63	1
147.64	1
147.65	1
147.66	1
147.67	1
147.68	1
147.69	1
147.7	1
147.71	1
147.72	1
147.73	1
147.74	1
147.75	1
147.76	1
147.77	1
147.78	1
147.79	1
147.8	1
147.81	1
147.82	1
147.83	1
147.84	1
147.85	1
147.86	1
147.87	1
147.88	1
147.89	1
147.9	1
147.91	1
147.92	1
147.93	1
147.94	1
147.95	1
147.96	1
147.97	1
147.98	1
147.99	1
148.0	1
148.01	1
148.02	1
148.03	1
148.04	1
148.05	1
148.06	1
148.07	1
148.08	1
148.09	1
148.1	1
148.11	1
148.12	1
148.13	1
148.14	1
148.15	1
148.16	1
148.17	1
148.18	1
148.19	1
148.2	1
148.21	1
148.22	1
148.23	1
148.24	1
148.25	1
148.26	1
148.27	1
148.28	1
148.29	1
148.3	1
148.31	1
148.32	1
148.33	1
148.34	1
148.35	1
148.36	1
148.37	1
148.38	1
148.39	1
148.4	1
148.41	1
148.42	1
148.43	1
148.44	1
148.45	1
148.46	1
148.47	1
148.48	1
148.49	1
148.5	1
148.51	1
148.52	1
148.53	1
148.54	1
148.55	1
148.56	1
148.57	1
148.58	1
148.59	1
148.6	1
148.61	1
148.62	1
148.63	1
148.64	1
148.65	1
148.66	1
148.67	1
148.68	1
148.69	1
148.7	1
148.71	1
148.72	1
148.73	1
148.74	1
148.75	1
148.76	1
148.77	1
148.78	1
148.79	1
148.8	1
148.81	1
148.82	1
148.83	1
148.84	1
148.85	1
148.86	1
148.87	1
148.88	1
148.89	1
148.9	1
148.91	1
148.92	1
148.93	1
148.94	1
148.95	1
148.96	1
148.97	1
148.98	1
148.99	1
149.0	1
149.01	1
149.02	1
149.03	1
149.04	1
149.05	1
149.06	1
149.07	1
149.08	1
149.09	1
149.1	1
149.11	1
149.12	1
149.13	1
149.14	1
149.15	1
149.16	1
149.17	1
149.18	1
149.19	1
149.2	1
149.21	1
149.22	1
149.23	1
149.24	1
149.25	1
149.26	1
149.27	1
149.28	1
149.29	1
149.3	1
149.31	1
149.32	1
149.33	1
149.34	1
149.35	1
149.36	1
149.37	1
149.38	1
149.39	1
149.4	1
149.41	1
149.42	1
149.43	1
149.44	1
149.45	1
149.46	1
149.47	1
149.48	1
149.49	1
149.5	1
149.51	1
149.52	1
149.53	1
149.54	1
149.55	1
149.56	1
149.57	1
149.58	1
149.59	1
149.6	1
149.61	1
149.62	1
149.63	1
149.64	1
149.65	1
149.66	1
149.67	1
149.68	1
149.69	1
149.7	1
149.71	1
149.72	1
149.73	1
149.74	1
149.75	1
149.76	1
149.77	1
149.78	1
149.79	1
149.8	1
149.81	1
149.82	1
149.83	1
149.84	1
149.85	1
149.86	1
149.87	1
149.88	1
149.89	1
149.9	1
149.91	1
149.92	1
149.93	1
149.94	1
149.95	1
149.96	1
149.97	1
149.98	1
149.99	1
150.0	1
150.01	1
150.02	1
150.03	1
150.04	1
150.05	1
150.06	1
150.07	1
150.08	1
150.09	1
150.1	1
150.11	1
150.12	1
150.13	1
150.14	1
150.15	1
150.16	1
150.17	1
150.18	1
150.19	1
150.2	1
150.21	1
150.22	1
150.23	1
150.24	1
150.25	1
150.26	1
150.27	1
150.28	1
150.29	1
150.3	1
150.31	1
150.32	1
150.33	1
150.34	1
150.35	1
150.36	1
150.37	1
150.38	1
150.39	1
150.4	1
150.41	1
150.42	1
150.43	1
150.44	1
150.45	1
150.46	1
150.47	1
150.48	1
150.49	1
150.5	1
150.51	1
150.52	1
150.53	1
150.54	1
150.55	1
150.56	1
150.57	1
150.58	1
150.59	1
150.6	1
150.61	1
150.62	1
150.63	1
150.64	1
150.65	1
150.66	1
150.67	1
150.68	1
150.69	1
150.7	1
150.71	1
150.72	1
150.73	1
150.74	1
150.75	1
150.76	1
150.77	1
150.78	1
150.79	1
150.8	1
150.81	1
150.82	1
150.83	1
150.84	1
150.85	1
150.86	1
150.87	1
150.88	1
150.89	1
150.9	1
150.91	1
150.92	1
150.93	1
150.94	1
150.95	1
150.96	1
150.97	1
150.98	1
150.99	1
151.0	1
151.01	1
151.02	1
151.03	1
151.04	1
151.05	1
151.06	1
151.07	1
151.08	1
151.09	1
151.1	1
151.11	1
151.12	1
151.13	1
151.14	1
151.15	1
151.16	1
151.17	1
151.18	1
151.19	1
151.2	1
151.21	1
151.22	1
151.23	1
151.24	1
151.25	1
151.26	1
151.27	1
151.28	1
151.29	1
151.3	1
151.31	1
151.32	1
151.33	1
151.34	1
151.35	1
151.36	1
151.37	1
151.38	1
151.39	1
151.4	1
151.41	1
151.42	1
151.43	1
151.44	1
151.45	1
151.46	1
151.47	1
151.48	1
151.49	1
151.5	1
151.51	1
151.52	1
151.53	1
151.54	1
151.55	1
151.56	1
151.57	1
151.58	1
151.59	1
151.6	1
151.61	1
151.62	1
151.63	1
151.64	1
151.65	1
151.66	1
151.67	1
151.68	1
151.69	1
151.7	1
151.71	1
151.72	1
151.73	1
151.74	1
151.75	1
151.76	1
151.77	1
151.78	1
151.79	1
151.8	1
151.81	1
151.82	1
151.83	1
151.84	1
151.85	1
151.86	1
151.87	1
151.88	1
151.89	1
151.9	1
151.91	1
151.92	1
151.93	1
151.94	1
151.95	1
151.96	1
151.97	1
151.98	1
151.99	1
152.0	1
152.01	1
152.02	1
152.03	1
152.04	1
152.05	1
152.06	1
152.07	1
152.08	1
152.09	1
152.1	1
152.11	1
152.12	1
152.13	1
152.14	1
152.15	1
152.16	1
152.17	1
152.18	1
152.19	1
152.2	1
152.21	1
152.22	1
152.23	1
152.24	1
152.25	1
152.26	1
152.27	1
152.28	1
152.29	1
152.3	1
152.31	1
152.32	1
152.33	1
152.34	1
152.35	1
152.36	1
152.37	1
152.38	1
152.39	1
152.4	1
152.41	1
152.42	1
152.43	1
152.44	1
152.45	1
152.46	1
152.47	1
152.48	1
152.49	1
152.5	1
152.51	1
152.52	1
152.53	1
152.54	1
152.55	1
152.56	1
152.57	1
152.58	1
152.59	1
152.6	1
152.61	1
152.62	1
152.63	1
152.64	1
152.65	1
152.66	1
152.67	1
152.68	1
152.69	1
152.7	1
152.71	1
152.72	1
152.73	1
152.74	1
152.75	1
152.76	1
152.77	1
152.78	1
152.79	1
152.8	1
152.81	1
152.82	1
152.83	1
152.84	1
152.85	1
152.86	1
152.87	1
152.88	1
152.89	1
152.9	1
152.91	1
152.92	1
152.93	1
152.94	1
152.95	1
152.96	1
152.97	1
152.98	1
152.99	1
153.0	1
153.01	1
153.02	1
153.03	1
153.04	1
153.05	1
153.06	1
153.07	1
153.08	1
153.09	1
153.1	1
153.11	1
153.12	1
153.13	1
153.14	1
153.15	1
153.16	1
153.17	1
153.18	1
153.19	1
153.2	1
153.21	1
153.22	1
153.23	1
153.24	1
153.25	1
153.26	1
153.27	1
153.28	1
153.29	1
153.3	1
153.31	1
153.32	1
153.33	1
153.34	1
153.35	1
153.36	1
153.37	1
153.38	1
153.39	1
153.4	1
153.41	1
153.42	1
153.43	1
153.44	1
153.45	1
153.46	1
153.47	1
153.48	1
153.49	1
153.5	1
153.51	1
153.52	1
153.53	1
153.54	1
153.55	1
153.56	1
153.57	1
153.58	1
153.59	1
153.6	1
153.61	1
153.62	1
153.63	1
153.64	1
153.65	1
153.66	1
153.67	1
153.68	1
153.69	1
153.7	1
153.71	1
153.72	1
153.73	1
153.74	1
153.75	1
153.76	1
153.77	1
153.78	1
153.79	1
153.8	1
153.81	1
153.82	1
153.83	1
153.84	1
153.85	1
153.86	1
153.87	1
153.88	1
153.89	1
153.9	1
153.91	1
153.92	1
153.93	1
153.94	1
153.95	1
153.96	1
153.97	1
153.98	1
153.99	1
154.0	1
154.01	1
154.02	1
154.03	1
154.04	1
154.05	1
154.06	1
154.07	1
154.08	1
154.09	1
154.1	1
154.11	1
154.12	1
154.13	1
154.14	1
154.15	1
154.16	1
154.17	1
154.18	1
154.19	1
154.2	1
154.21	1
154.22	1
154.23	1
154.24	1
154.25	1
154.26	1
154.27	1
154.28	1
154.29	1
154.3	1
154.31	1
154.32	1
154.33	1
154.34	1
154.35	1
154.36	1
154.37	1
154.38	1
154.39	1
154.4	1
154.41	1
154.42	1
154.43	1
154.44	1
154.45	1
154.46	1
154.47	1
154.48	1
154.49	1
154.5	1
154.51	1
154.52	1
154.53	1
154.54	1
154.55	1
154.56	1
154.57	1
154.58	1
154.59	1
154.6	1
154.61	1
154.62	1
154.63	1
154.64	1
154.65	1
154.66	1
154.67	1
154.68	1
154.69	1
154.7	1
154.71	1
154.72	1
154.73	1
154.74	1
154.75	1
154.76	1
154.77	1
154.78	1
154.79	1
154.8	1
154.81	1
154.82	1
154.83	1
154.84	1
154.85	1
154.86	1
154.87	1
154.88	1
154.89	1
154.9	1
154.91	1
154.92	1
154.93	1
154.94	1
154.95	1
154.96	1
154.97	1
154.98	1
154.99	1
155.0	1
155.01	1
155.02	1
155.03	1
155.04	1
155.05	1
155.06	1
155.07	1
155.08	1
155.09	1
155.1	1
155.11	1
155.12	1
155.13	1
155.14	1
155.15	1
155.16	1
155.17	1
155.18	1
155.19	1
155.2	1
155.21	1
155.22	1
155.23	1
155.24	1
155.25	1
155.26	1
155.27	1
155.28	1
155.29	1
155.3	1
155.31	1
155.32	1
155.33	1
155.34	1
155.35	1
155.36	1
155.37	1
155.38	1
155.39	1
155.4	1
155.41	1
155.42	1
155.43	1
155.44	1
155.45	1
155.46	1
155.47	1
155.48	1
155.49	1
155.5	1
155.51	1
155.52	1
155.53	1
155.54	1
155.55	1
155.56	1
155.57	1
155.58	1
155.59	1
155.6	1
155.61	1
155.62	1
155.63	1
155.64	1
155.65	1
155.66	1
155.67	1
155.68	1
155.69	1
155.7	1
155.71	1
155.72	1
155.73	1
155.74	1
155.75	1
155.76	1
155.77	1
155.78	1
155.79	1
155.8	1
155.81	1
155.82	1
155.83	1
155.84	1
155.85	1
155.86	1
155.87	1
155.88	1
155.89	1
155.9	1
155.91	1
155.92	1
155.93	1
155.94	1
155.95	1
155.96	1
155.97	1
155.98	1
155.99	1
156.0	1
156.01	1
156.02	1
156.03	1
156.04	1
156.05	1
156.06	1
156.07	1
156.08	1
156.09	1
156.1	1
156.11	1
156.12	1
156.13	1
156.14	1
156.15	1
156.16	1
156.17	1
156.18	1
156.19	1
156.2	1
156.21	1
156.22	1
156.23	1
156.24	1
156.25	1
156.26	1
156.27	1
156.28	1
156.29	1
156.3	1
156.31	1
156.32	1
156.33	1
156.34	1
156.35	1
156.36	1
156.37	1
156.38	1
156.39	1
156.4	1
156.41	1
156.42	1
156.43	1
156.44	1
156.45	1
156.46	1
156.47	1
156.48	1
156.49	1
156.5	1
156.51	1
156.52	1
156.53	1
156.54	1
156.55	1
156.56	1
156.57	1
156.58	1
156.59	1
156.6	1
156.61	1
156.62	1
156.63	1
156.64	1
156.65	1
156.66	1
156.67	1
156.68	1
156.69	1
156.7	1
156.71	1
156.72	1
156.73	1
156.74	1
156.75	1
156.76	1
156.77	1
156.78	1
156.79	1
156.8	1
156.81	1
156.82	1
156.83	1
156.84	1
156.85	1
156.86	1
156.87	1
156.88	1
156.89	1
156.9	1
156.91	1
156.92	1
156.93	1
156.94	1
156.95	1
156.96	1
156.97	1
156.98	1
156.99	1
157.0	1
157.01	1
157.02	1
157.03	1
157.04	1
157.05	1
157.06	1
157.07	1
157.08	1
157.09	1
157.1	1
157.11	1
157.12	1
157.13	1
157.14	1
157.15	1
157.16	1
157.17	1
157.18	1
157.19	1
157.2	1
157.21	1
157.22	1
157.23	1
157.24	1
157.25	1
157.26	1
157.27	1
157.28	1
157.29	1
157.3	1
157.31	1
157.32	1
157.33	1
157.34	1
157.35	1
157.36	1
157.37	1
157.38	1
157.39	1
157.4	1
157.41	1
157.42	1
157.43	1
157.44	1
157.45	1
157.46	1
157.47	1
157.48	1
157.49	1
157.5	1
157.51	1
157.52	1
157.53	1
157.54	1
157.55	1
157.56	1
157.57	1
157.58	1
157.59	1
157.6	1
157.61	1
157.62	1
157.63	1
157.64	1
157.65	1
157.66	1
157.67	1
157.68	1
157.69	1
157.7	1
157.71	1
157.72	1
157.73	1
157.74	1
157.75	1
157.76	1
157.77	1
157.78	1
157.79	1
157.8	1
157.81	1
157.82	1
157.83	1
157.84	1
157.85	1
157.86	1
157.87	1
157.88	1
157.89	1
157.9	1
157.91	1
157.92	1
157.93	1
157.94	1
157.95	1
157.96	1
157.97	1
157.98	1
157.99	1
158.0	1
158.01	1
158.02	1
158.03	1
158.04	1
158.05	1
158.06	1
158.07	1
158.08	1
158.09	1
158.1	1
158.11	1
158.12	1
158.13	1
158.14	1
158.15	1
158.16	1
158.17	1
158.18	1
158.19	1
158.2	1
158.21	1
158.22	1
158.23	1
158.24	1
158.25	1
158.26	1
158.27	1
158.28	1
158.29	1
158.3	1
158.31	1
158.32	1
158.33	1
158.34	1
158.35	1
158.36	1
158.37	1
158.38	1
158.39	1
158.4	1
158.41	1
158.42	1
158.43	1
158.44	1
158.45	1
158.46	1
158.47	1
158.48	1
158.49	1
158.5	1
158.51	1
158.52	1
158.53	1
158.54	1
158.55	1
158.56	1
158.57	1
158.58	1
158.59	1
158.6	1
158.61	1
158.62	1
158.63	1
158.64	1
158.65	1
158.66	1
158.67	1
158.68	1
158.69	1
158.7	1
158.71	1
158.72	1
158.73	1
158.74	1
158.75	1
158.76	1
158.77	1
158.78	1
158.79	1
158.8	1
158.81	1
158.82	1
158.83	1
158.84	1
158.85	1
158.86	1
158.87	1
158.88	1
158.89	1
158.9	1
158.91	1
158.92	1
158.93	1
158.94	1
158.95	1
158.96	1
158.97	1
158.98	1
158.99	1
159.0	1
159.01	1
159.02	1
159.03	1
159.04	1
159.05	1
159.06	1
159.07	1
159.08	1
159.09	1
159.1	1
159.11	1
159.12	1
159.13	1
159.14	1
159.15	1
159.16	1
159.17	1
159.18	1
159.19	1
159.2	1
159.21	1
159.22	1
159.23	1
159.24	1
159.25	1
159.26	1
159.27	1
159.28	1
159.29	1
159.3	1
159.31	1
159.32	1
159.33	1
159.34	1
159.35	1
159.36	1
159.37	1
159.38	1
159.39	1
159.4	1
159.41	1
159.42	1
159.43	1
159.44	1
159.45	1
159.46	1
159.47	1
159.48	1
159.49	1
159.5	1
159.51	1
159.52	1
159.53	1
159.54	1
159.55	1
159.56	1
159.57	1
159.58	1
159.59	1
159.6	1
159.61	1
159.62	1
159.63	1
159.64	1
159.65	1
159.66	1
159.67	1
159.68	1
159.69	1
159.7	1
159.71	1
159.72	1
159.73	1
159.74	1
159.75	1
159.76	1
159.77	1
159.78	1
159.79	1
159.8	1
159.81	1
159.82	1
159.83	1
159.84	1
159.85	1
159.86	1
159.87	1
159.88	1
159.89	1
159.9	1
159.91	1
159.92	1
159.93	1
159.94	1
159.95	1
159.96	1
159.97	1
159.98	1
159.99	1
160.0	1
