195.0	1
195.01	1
195.02	1
195.03	1
195.04	1
195.05	1
195.06	1
195.07	1
195.08	1
195.09	1
195.1	1
195.11	1
195.12	1
195.13	1
195.14	1
195.15	1
195.16	1
195.17	1
195.18	1
195.19	1
195.2	1
195.21	1
195.22	1
195.23	1
195.24	1
195.25	1
195.26	1
195.27	1
195.28	1
195.29	1
195.3	1
195.31	1
195.32	1
195.33	1
195.34	1
195.35	1
195.36	1
195.37	1
195.38	1
195.39	1
195.4	1
195.41	1
195.42	1
195.43	1
195.44	1
195.45	1
195.46	1
195.47	1
195.48	1
195.49	1
195.5	1
195.51	1
195.52	1
195.53	1
195.54	1
195.55	1
195.56	1
195.57	1
195.58	1
195.59	1
195.6	1
195.61	1
195.62	1
195.63	1
195.64	1
195.65	1
195.66	1
195.67	1
195.68	1
195.69	1
195.7	1
195.71	1
195.72	1
195.73	1
195.74	1
195.75	1
195.76	1
195.77	1
195.78	1
195.79	1
195.8	1
195.81	1
195.82	1
195.83	1
195.84	1
195.85	1
195.86	1
195.87	1
195.88	1
195.89	1
195.9	1
195.91	1
195.92	1
195.93	1
195.94	1
195.95	1
195.96	1
195.97	1
195.98	1
195.99	1
196.0	1
196.01	1
196.02	1
196.03	1
196.04	1
196.05	1
196.06	1
196.07	1
196.08	1
196.09	1
196.1	1
196.11	1
196.12	1
196.13	1
196.14	1
196.15	1
196.16	1
196.17	1
196.18	1
196.19	1
196.2	1
196.21	1
196.22	1
196.23	1
196.24	1
196.25	1
196.26	1
196.27	1
196.28	1
196.29	1
196.3	1
196.31	1
196.32	1
196.33	1
196.34	1
196.35	1
196.36	1
196.37	1
196.38	1
196.39	1
196.4	1
196.41	1
196.42	1
196.43	1
196.44	1
196.45	1
196.46	1
196.47	1
196.48	1
196.49	1
196.5	1
196.51	1
196.52	1
196.53	1
196.54	1
196.55	1
196.56	1
196.57	1
196.58	1
196.59	1
196.6	1
196.61	1
196.62	1
196.63	1
196.64	1
196.65	1
196.66	1
196.67	1
196.68	1
196.69	1
196.7	1
196.71	1
196.72	1
196.73	1
196.74	1
196.75	1
196.76	1
196.77	1
196.78	1
196.79	1
196.8	1
196.81	1
196.82	1
196.83	1
196.84	1
196.85	1
196.86	1
196.87	1
196.88	1
196.89	1
196.9	1
196.91	1
196.92	1
196.93	1
196.94	1
196.95	1
196.96	1
196.97	1
196.98	1
196.99	1
197.0	1
197.01	1
197.02	1
197.03	1
197.04	1
197.05	1
197.06	1
197.07	1
197.08	1
197.09	1
197.1	1
197.11	1
197.12	1
197.13	1
197.14	1
197.15	1
197.16	1
197.17	1
197.18	1
197.19	1
197.2	1
197.21	1
197.22	1
197.23	1
197.24	1
197.25	1
197.26	1
197.27	1
197.28	1
197.29	1
197.3	1
197.31	1
197.32	1
197.33	1
197.34	1
197.35	1
197.36	1
197.37	1
197.38	1
197.39	1
197.4	1
197.41	1
197.42	1
197.43	1
197.44	1
197.45	1
197.46	1
197.47	1
197.48	1
197.49	1
197.5	1
197.51	1
197.52	1
197.53	1
197.54	1
197.55	1
197.56	1
197.57	1
197.58	1
197.59	1
197.6	1
197.61	1
197.62	1
197.63	1
197.64	1
197.65	1
197.66	1
197.67	1
197.68	1
197.69	1
197.7	1
197.71	1
197.72	1
197.73	1
197.74	1
197.75	1
197.76	1
197.77	1
197.78	1
197.79	1
197.8	1
197.81	1
197.82	1
197.83	1
197.84	1
197.85	1
197.86	1
197.87	1
197.88	1
197.89	1
197.9	1
197.91	1
197.92	1
197.93	1
197.94	1
197.95	1
197.96	1
197.97	1
197.98	1
197.99	1
198.0	1
198.01	1
198.02	1
198.03	1
198.04	1
198.05	1
198.06	1
198.07	1
198.08	1
198.09	1
198.1	1
198.11	1
198.12	1
198.13	1
198.14	1
198.15	1
198.16	1
198.17	1
198.18	1
198.19	1
198.2	1
198.21	1
198.22	1
198.23	1
198.24	1
198.25	1
198.26	1
198.27	1
198.28	1
198.29	1
198.3	1
198.31	1
198.32	1
198.33	1
198.34	1
198.35	1
198.36	1
198.37	1
198.38	1
198.39	1
198.4	1
198.41	1
198.42	1
198.43	1
198.44	1
198.45	1
198.46	1
198.47	1
198.48	1
198.49	1
198.5	1
198.51	1
198.52	1
198.53	1
198.54	1
198.55	1
198.56	1
198.57	1
198.58	1
198.59	1
198.6	1
198.61	1
198.62	1
198.63	1
198.64	1
198.65	1
198.66	1
198.67	1
198.68	1
198.69	1
198.7	1
198.71	1
198.72	1
198.73	1
198.74	1
198.75	1
198.76	1
198.77	1
198.78	1
198.79	1
198.8	1
198.81	1
198.82	1
198.83	1
198.84	1
198.85	1
198.86	1
198.87	1
198.88	1
198.89	1
198.9	1
198.91	1
198.92	1
198.93	1
198.94	1
198.95	1
198.96	1
198.97	1
198.98	1
198.99	1
199.0	1
199.01	1
199.02	1
199.03	1
199.04	1
199.05	1
199.06	1
199.07	1
199.08	1
199.09	1
199.1	1
199.11	1
199.12	1
199.13	1
199.14	1
199.15	1
199.16	1
199.17	1
199.18	1
199.19	1
199.2	1
199.21	1
199.22	1
199.23	1
199.24	1
199.25	1
199.26	1
199.27	1
199.28	1
199.29	1
199.3	1
199.31	1
199.32	1
199.33	1
199.34	1
199.35	1
199.36	1
199.37	1
199.38	1
199.39	1
199.4	1
199.41	1
199.42	1
199.43	1
199.44	1
199.45	1
199.46	1
199.47	1
199.48	1
199.49	1
199.5	1
199.51	1
199.52	1
199.53	1
199.54	1
199.55	1
199.56	1
199.57	1
199.58	1
199.59	1
199.6	1
199.61	1
199.62	1
199.63	1
199.64	1
199.65	1
199.66	1
199.67	1
199.68	1
199.69	1
199.7	1
199.71	1
199.72	1
199.73	1
199.74	1
199.75	1
199.76	1
199.77	1
199.78	1
199.79	1
199.8	1
199.81	1
199.82	1
199.83	1
199.84	1
199.85	1
199.86	1
199.87	1
199.88	1
199.89	1
199.9	1
199.91	1
199.92	1
199.93	1
199.94	1
199.95	1
199.96	1
199.97	1
199.98	1
199.99	1
200.0	1
200.01	1
200.02	1
200.03	1
200.04	1
200.05	1
200.06	1
200.07	1
200.08	1
200.09	1
200.1	1
200.11	1
200.12	1
200.13	1
200.14	1
200.15	1
200.16	1
200.17	1
200.18	1
200.19	1
200.2	1
200.21	1
200.22	1
200.23	1
200.24	1
200.25	1
200.26	1
200.27	1
200.28	1
200.29	1
200.3	1
200.31	1
200.32	1
200.33	1
200.34	1
200.35	1
200.36	1
200.37	1
200.38	1
200.39	1
200.4	1
200.41	1
200.42	1
200.43	1
200.44	1
200.45	1
200.46	1
200.47	1
200.48	1
200.49	1
200.5	1
200.51	1
200.52	1
200.53	1
200.54	1
200.55	1
200.56	1
200.57	1
200.58	1
200.59	1
200.6	1
200.61	1
200.62	1
200.63	1
200.64	1
200.65	1
200.66	1
200.67	1
200.68	1
200.69	1
200.7	1
200.71	1
200.72	1
200.73	1
200.74	1
200.75	1
200.76	1
200.77	1
200.78	1
200.79	1
200.8	1
200.81	1
200.82	1
200.83	1
200.84	1
200.85	1
200.86	1
200.87	1
200.88	1
200.89	1
200.9	1
200.91	1
200.92	1
200.93	1
200.94	1
200.95	1
200.96	1
200.97	1
200.98	1
200.99	1
201.0	1
201.01	1
201.02	1
201.03	1
201.04	1
201.05	1
201.06	1
201.07	1
201.08	1
201.09	1
201.1	1
201.11	1
201.12	1
201.13	1
201.14	1
201.15	1
201.16	1
201.17	1
201.18	1
201.19	1
201.2	1
201.21	1
201.22	1
201.23	1
201.24	1
201.25	1
201.26	1
201.27	1
201.28	1
201.29	1
201.3	1
201.31	1
201.32	1
201.33	1
201.34	1
201.35	1
201.36	1
201.37	1
201.38	1
201.39	1
201.4	1
201.41	1
201.42	1
201.43	1
201.44	1
201.45	1
201.46	1
201.47	1
201.48	1
201.49	1
201.5	1
201.51	1
201.52	1
201.53	1
201.54	1
201.55	1
201.56	1
201.57	1
201.58	1
201.59	1
201.6	1
201.61	1
201.62	1
201.63	1
201.64	1
201.65	1
201.66	1
201.67	1
201.68	1
201.69	1
201.7	1
201.71	1
201.72	1
201.73	1
201.74	1
201.75	1
201.76	1
201.77	1
201.78	1
201.79	1
201.8	1
201.81	1
201.82	1
201.83	1
201.84	1
201.85	1
201.86	1
201.87	1
201.88	1
201.89	1
201.9	1
201.91	1
201.92	1
201.93	1
201.94	1
201.95	1
201.96	1
201.97	1
201.98	1
201.99	1
202.0	1
202.01	1
202.02	1
202.03	1
202.04	1
202.05	1
202.06	1
202.07	1
202.08	1
202.09	1
202.1	1
202.11	1
202.12	1
202.13	1
202.14	1
202.15	1
202.16	1
202.17	1
202.18	1
202.19	1
202.2	1
202.21	1
202.22	1
202.23	1
202.24	1
202.25	1
202.26	1
202.27	1
202.28	1
202.29	1
202.3	1
202.31	1
202.32	1
202.33	1
202.34	1
202.35	1
202.36	1
202.37	1
202.38	1
202.39	1
202.4	1
202.41	1
202.42	1
202.43	1
202.44	1
202.45	1
202.46	1
202.47	1
202.48	1
202.49	1
202.5	1
202.51	1
202.52	1
202.53	1
202.54	1
202.55	1
202.56	1
202.57	1
202.58	1
202.59	1
202.6	1
202.61	1
202.62	1
202.63	1
202.64	1
202.65	1
202.66	1
202.67	1
202.68	1
202.69	1
202.7	1
202.71	1
202.72	1
202.73	1
202.74	1
202.75	1
202.76	1
202.77	1
202.78	1
202.79	1
202.8	1
202.81	1
202.82	1
202.83	1
202.84	1
202.85	1
202.86	1
202.87	1
202.88	1
202.89	1
202.9	1
202.91	1
202.92	1
202.93	1
202.94	1
202.95	1
202.96	1
202.97	1
202.98	1
202.99	1
203.0	1
203.01	1
203.02	1
203.03	1
203.04	1
203.05	1
203.06	1
203.07	1
203.08	1
203.09	1
203.1	1
203.11	1
203.12	1
203.13	1
203.14	1
203.15	1
203.16	1
203.17	1
203.18	1
203.19	1
203.2	1
203.21	1
203.22	1
203.23	1
203.24	1
203.25	1
203.26	1
203.27	1
203.28	1
203.29	1
203.3	1
203.31	1
203.32	1
203.33	1
203.34	1
203.35	1
203.36	1
203.37	1
203.38	1
203.39	1
203.4	1
203.41	1
203.42	1
203.43	1
203.44	1
203.45	1
203.46	1
203.47	1
203.48	1
203.49	1
203.5	1
203.51	1
203.52	1
203.53	1
203.54	1
203.55	1
203.56	1
203.57	1
203.58	1
203.59	1
203.6	1
203.61	1
203.62	1
203.63	1
203.64	1
203.65	1
203.66	1
203.67	1
203.68	1
203.69	1
203.7	1
203.71	1
203.72	1
203.73	1
203.74	1
203.75	1
203.76	1
203.77	1
203.78	1
203.79	1
203.8	1
203.81	1
203.82	1
203.83	1
203.84	1
203.85	1
203.86	1
203.87	1
203.88	1
203.89	1
203.9	1
203.91	1
203.92	1
203.93	1
203.94	1
203.95	1
203.96	1
203.97	1
203.98	1
203.99	1
204.0	1
204.01	1
204.02	1
204.03	1
204.04	1
204.05	1
204.06	1
204.07	1
204.08	1
204.09	1
204.1	1
204.11	1
204.12	1
204.13	1
204.14	1
204.15	1
204.16	1
204.17	1
204.18	1
204.19	1
204.2	1
204.21	1
204.22	1
204.23	1
204.24	1
204.25	1
204.26	1
204.27	1
204.28	1
204.29	1
204.3	1
204.31	1
204.32	1
204.33	1
204.34	1
204.35	1
204.36	1
204.37	1
204.38	1
204.39	1
204.4	1
204.41	1
204.42	1
204.43	1
204.44	1
204.45	1
204.46	1
204.47	1
204.48	1
204.49	1
204.5	1
204.51	1
204.52	1
204.53	1
204.54	1
204.55	1
204.56	1
204.57	1
204.58	1
204.59	1
204.6	1
204.61	1
204.62	1
204.63	1
204.64	1
204.65	1
204.66	1
204.67	1
204.68	1
204.69	1
204.7	1
204.71	1
204.72	1
204.73	1
204.74	1
204.75	1
204.76	1
204.77	1
204.78	1
204.79	1
204.8	1
204.81	1
204.82	1
204.83	1
204.84	1
204.85	1
204.86	1
204.87	1
204.88	1
204.89	1
204.9	1
204.91	1
204.92	1
204.93	1
204.94	1
204.95	1
204.96	1
204.97	1
204.98	1
204.99	1
205.0	1
205.01	1
205.02	1
205.03	1
205.04	1
205.05	1
205.06	1
205.07	1
205.08	1
205.09	1
205.1	1
205.11	1
205.12	1
205.13	1
205.14	1
205.15	1
205.16	1
205.17	1
205.18	1
205.19	1
205.2	1
205.21	1
205.22	1
205.23	1
205.24	1
205.25	1
205.26	1
205.27	1
205.28	1
205.29	1
205.3	1
205.31	1
205.32	1
205.33	1
205.34	1
205.35	1
205.36	1
205.37	1
205.38	1
205.39	1
205.4	1
205.41	1
205.42	1
205.43	1
205.44	1
205.45	1
205.46	1
205.47	1
205.48	1
205.49	1
205.5	1
205.51	1
205.52	1
205.53	1
205.54	1
205.55	1
205.56	1
205.57	1
205.58	1
205.59	1
205.6	1
205.61	1
205.62	1
205.63	1
205.64	1
205.65	1
205.66	1
205.67	1
205.68	1
205.69	1
205.7	1
205.71	1
205.72	1
205.73	1
205.74	1
205.75	1
205.76	1
205.77	1
205.78	1
205.79	1
205.8	1
205.81	1
205.82	1
205.83	1
205.84	1
205.85	1
205.86	1
205.87	1
205.88	1
205.89	1
205.9	1
205.91	1
205.92	1
205.93	1
205.94	1
205.95	1
205.96	1
205.97	1
205.98	1
205.99	1
206.0	1
206.01	1
206.02	1
206.03	1
206.04	1
206.05	1
206.06	1
206.07	1
206.08	1
206.09	1
206.1	1
206.11	1
206.12	1
206.13	1
206.14	1
206.15	1
206.16	1
206.17	1
206.18	1
206.19	1
206.2	1
206.21	1
206.22	1
206.23	1
206.24	1
206.25	1
206.26	1
206.27	1
206.28	1
206.29	1
206.3	1
206.31	1
206.32	1
206.33	1
206.34	1
206.35	1
206.36	1
206.37	1
206.38	1
206.39	1
206.4	1
206.41	1
206.42	1
206.43	1
206.44	1
206.45	1
206.46	1
206.47	1
206.48	1
206.49	1
206.5	1
206.51	1
206.52	1
206.53	1
206.54	1
206.55	1
206.56	1
206.57	1
206.58	1
206.59	1
206.6	1
206.61	1
206.62	1
206.63	1
206.64	1
206.65	1
206.66	1
206.67	1
206.68	1
206.69	1
206.7	1
206.71	1
206.72	1
206.73	1
206.74	1
206.75	1
206.76	1
206.77	1
206.78	1
206.79	1
206.8	1
206.81	1
206.82	1
206.83	1
206.84	1
206.85	1
206.86	1
206.87	1
206.88	1
206.89	1
206.9	1
206.91	1
206.92	1
206.93	1
206.94	1
206.95	1
206.96	1
206.97	1
206.98	1
206.99	1
207.0	1
207.01	1
207.02	1
207.03	1
207.04	1
207.05	1
207.06	1
207.07	1
207.08	1
207.09	1
207.1	1
207.11	1
207.12	1
207.13	1
207.14	1
207.15	1
207.16	1
207.17	1
207.18	1
207.19	1
207.2	1
207.21	1
207.22	1
207.23	1
207.24	1
207.25	1
207.26	1
207.27	1
207.28	1
207.29	1
207.3	1
207.31	1
207.32	1
207.33	1
207.34	1
207.35	1
207.36	1
207.37	1
207.38	1
207.39	1
207.4	1
207.41	1
207.42	1
207.43	1
207.44	1
207.45	1
207.46	1
207.47	1
207.48	1
207.49	1
207.5	1
207.51	1
207.52	1
207.53	1
207.54	1
207.55	1
207.56	1
207.57	1
207.58	1
207.59	1
207.6	1
207.61	1
207.62	1
207.63	1
207.64	1
207.65	1
207.66	1
207.67	1
207.68	1
207.69	1
207.7	1
207.71	1
207.72	1
207.73	1
207.74	1
207.75	1
207.76	1
207.77	1
207.78	1
207.79	1
207.8	1
207.81	1
207.82	1
207.83	1
207.84	1
207.85	1
207.86	1
207.87	1
207.88	1
207.89	1
207.9	1
207.91	1
207.92	1
207.93	1
207.94	1
207.95	1
207.96	1
207.97	1
207.98	1
207.99	1
208.0	1
208.01	1
208.02	1
208.03	1
208.04	1
208.05	1
208.06	1
208.07	1
208.08	1
208.09	1
208.1	1
208.11	1
208.12	1
208.13	1
208.14	1
208.15	1
208.16	1
208.17	1
208.18	1
208.19	1
208.2	1
208.21	1
208.22	1
208.23	1
208.24	1
208.25	1
208.26	1
208.27	1
208.28	1
208.29	1
208.3	1
208.31	1
208.32	1
208.33	1
208.34	1
208.35	1
208.36	1
208.37	1
208.38	1
208.39	1
208.4	1
208.41	1
208.42	1
208.43	1
208.44	1
208.45	1
208.46	1
208.47	1
208.48	1
208.49	1
208.5	1
208.51	1
208.52	1
208.53	1
208.54	1
208.55	1
208.56	1
208.57	1
208.58	1
208.59	1
208.6	1
208.61	1
208.62	1
208.63	1
208.64	1
208.65	1
208.66	1
208.67	1
208.68	1
208.69	1
208.7	1
208.71	1
208.72	1
208.73	1
208.74	1
208.75	1
208.76	1
208.77	1
208.78	1
208.79	1
208.8	1
208.81	1
208.82	1
208.83	1
208.84	1
208.85	1
208.86	1
208.87	1
208.88	1
208.89	1
208.9	1
208.91	1
208.92	1
208.93	1
208.94	1
208.95	1
208.96	1
208.97	1
208.98	1
208.99	1
209.0	1
209.01	1
209.02	1
209.03	1
209.04	1
209.05	1
209.06	1
209.07	1
209.08	1
209.09	1
209.1	1
209.11	1
209.12	1
209.13	1
209.14	1
209.15	1
209.16	1
209.17	1
209.18	1
209.19	1
209.2	1
209.21	1
209.22	1
209.23	1
209.24	1
209.25	1
209.26	1
209.27	1
209.28	1
209.29	1
209.3	1
209.31	1
209.32	1
209.33	1
209.34	1
209.35	1
209.36	1
209.37	1
209.38	1
209.39	1
209.4	1
209.41	1
209.42	1
209.43	1
209.44	1
209.45	1
209.46	1
209.47	1
209.48	1
209.49	1
209.5	1
209.51	1
209.52	1
209.53	1
209.54	1
209.55	1
209.56	1
209.57	1
209.58	1
209.59	1
209.6	1
209.61	1
209.62	1
209.63	1
209.64	1
209.65	1
209.66	1
209.67	1
209.68	1
209.69	1
209.7	1
209.71	1
209.72	1
209.73	1
209.74	1
209.75	1
209.76	1
209.77	1
209.78	1
209.79	1
209.8	1
209.81	1
209.82	1
209.83	1
209.84	1
209.85	1
209.86	1
209.87	1
209.88	1
209.89	1
209.9	1
209.91	1
209.92	1
209.93	1
209.94	1
209.95	1
209.96	1
209.97	1
209.98	1
209.99	1
210.0	1
210.01	1
210.02	1
210.03	1
210.04	1
210.05	1
210.06	1
210.07	1
210.08	1
210.09	1
210.1	1
210.11	1
210.12	1
210.13	1
210.14	1
210.15	1
210.16	1
210.17	1
210.18	1
210.19	1
210.2	1
210.21	1
210.22	1
210.23	1
210.24	1
210.25	1
210.26	1
210.27	1
210.28	1
210.29	1
210.3	1
210.31	1
210.32	1
210.33	1
210.34	1
210.35	1
210.36	1
210.37	1
210.38	1
210.39	1
210.4	1
210.41	1
210.42	1
210.43	1
210.44	1
210.45	1
210.46	1
210.47	1
210.48	1
210.49	1
210.5	1
210.51	1
210.52	1
210.53	1
210.54	1
210.55	1
210.56	1
210.57	1
210.58	1
210.59	1
210.6	1
210.61	1
210.62	1
210.63	1
210.64	1
210.65	1
210.66	1
210.67	1
210.68	1
210.69	1
210.7	1
210.71	1
210.72	1
210.73	1
210.74	1
210.75	1
210.76	1
210.77	1
210.78	1
210.79	1
210.8	1
210.81	1
210.82	1
210.83	1
210.84	1
210.85	1
210.86	1
210.87	1
210.88	1
210.89	1
210.9	1
210.91	1
210.92	1
210.93	1
210.94	1
210.95	1
210.96	1
210.97	1
210.98	1
210.99	1
211.0	1
211.01	1
211.02	1
211.03	1
211.04	1
211.05	1
211.06	1
211.07	1
211.08	1
211.09	1
211.1	1
211.11	1
211.12	1
211.13	1
211.14	1
211.15	1
211.16	1
211.17	1
211.18	1
211.19	1
211.2	1
211.21	1
211.22	1
211.23	1
211.24	1
211.25	1
211.26	1
211.27	1
211.28	1
211.29	1
211.3	1
211.31	1
211.32	1
211.33	1
211.34	1
211.35	1
211.36	1
211.37	1
211.38	1
211.39	1
211.4	1
211.41	1
211.42	1
211.43	1
211.44	1
211.45	1
211.46	1
211.47	1
211.48	1
211.49	1
211.5	1
211.51	1
211.52	1
211.53	1
211.54	1
211.55	1
211.56	1
211.57	1
211.58	1
211.59	1
211.6	1
211.61	1
211.62	1
211.63	1
211.64	1
211.65	1
211.66	1
211.67	1
211.68	1
211.69	1
211.7	1
211.71	1
211.72	1
211.73	1
211.74	1
211.75	1
211.76	1
211.77	1
211.78	1
211.79	1
211.8	1
211.81	1
211.82	1
211.83	1
211.84	1
211.85	1
211.86	1
211.87	1
211.88	1
211.89	1
211.9	1
211.91	1
211.92	1
211.93	1
211.94	1
211.95	1
211.96	1
211.97	1
211.98	1
211.99	1
212.0	1
212.01	1
212.02	1
212.03	1
212.04	1
212.05	1
212.06	1
212.07	1
212.08	1
212.09	1
212.1	1
212.11	1
212.12	1
212.13	1
212.14	1
212.15	1
212.16	1
212.17	1
212.18	1
212.19	1
212.2	1
212.21	1
212.22	1
212.23	1
212.24	1
212.25	1
212.26	1
212.27	1
212.28	1
212.29	1
212.3	1
212.31	1
212.32	1
212.33	1
212.34	1
212.35	1
212.36	1
212.37	1
212.38	1
212.39	1
212.4	1
212.41	1
212.42	1
212.43	1
212.44	1
212.45	1
212.46	1
212.47	1
212.48	1
212.49	1
212.5	1
212.51	1
212.52	1
212.53	1
212.54	1
212.55	1
212.56	1
212.57	1
212.58	1
212.59	1
212.6	1
212.61	1
212.62	1
212.63	1
212.64	1
212.65	1
212.66	1
212.67	1
212.68	1
212.69	1
212.7	1
212.71	1
212.72	1
212.73	1
212.74	1
212.75	1
212.76	1
212.77	1
212.78	1
212.79	1
212.8	1
212.81	1
212.82	1
212.83	1
212.84	1
212.85	1
212.86	1
212.87	1
212.88	1
212.89	1
212.9	1
212.91	1
212.92	1
212.93	1
212.94	1
212.95	1
212.96	1
212.97	1
212.98	1
212.99	1
213.0	1
213.01	1
213.02	1
213.03	1
213.04	1
213.05	1
213.06	1
213.07	1
213.08	1
213.09	1
213.1	1
213.11	1
213.12	1
213.13	1
213.14	1
213.15	1
213.16	1
213.17	1
213.18	1
213.19	1
213.2	1
213.21	1
213.22	1
213.23	1
213.24	1
213.25	1
213.26	1
213.27	1
213.28	1
213.29	1
213.3	1
213.31	1
213.32	1
213.33	1
213.34	1
213.35	1
213.36	1
213.37	1
213.38	1
213.39	1
213.4	1
213.41	1
213.42	1
213.43	1
213.44	1
213.45	1
213.46	1
213.47	1
213.48	1
213.49	1
213.5	1
213.51	1
213.52	1
213.53	1
213.54	1
213.55	1
213.56	1
213.57	1
213.58	1
213.59	1
213.6	1
213.61	1
213.62	1
213.63	1
213.64	1
213.65	1
213.66	1
213.67	1
213.68	1
213.69	1
213.7	1
213.71	1
213.72	1
213.73	1
213.74	1
213.75	1
213.76	1
213.77	1
213.78	1
213.79	1
213.8	1
213.81	1
213.82	1
213.83	1
213.84	1
213.85	1
213.86	1
213.87	1
213.88	1
213.89	1
213.9	1
213.91	1
213.92	1
213.93	1
213.94	1
213.95	1
213.96	1
213.97	1
213.98	1
213.99	1
214.0	1
214.01	1
214.02	1
214.03	1
214.04	1
214.05	1
214.06	1
214.07	1
214.08	1
214.09	1
214.1	1
214.11	1
214.12	1
214.13	1
214.14	1
214.15	1
214.16	1
214.17	1
214.18	1
214.19	1
214.2	1
214.21	1
214.22	1
214.23	1
214.24	1
214.25	1
214.26	1
214.27	1
214.28	1
214.29	1
214.3	1
214.31	1
214.32	1
214.33	1
214.34	1
214.35	1
214.36	1
214.37	1
214.38	1
214.39	1
214.4	1
214.41	1
214.42	1
214.43	1
214.44	1
214.45	1
214.46	1
214.47	1
214.48	1
214.49	1
214.5	1
214.51	1
214.52	1
214.53	1
214.54	1
214.55	1
214.56	1
214.57	1
214.58	1
214.59	1
214.6	1
214.61	1
214.62	1
214.63	1
214.64	1
214.65	1
214.66	1
214.67	1
214.68	1
214.69	1
214.7	1
214.71	1
214.72	1
214.73	1
214.74	1
214.75	1
214.76	1
214.77	1
214.78	1
214.79	1
214.8	1
214.81	1
214.82	1
214.83	1
214.84	1
214.85	1
214.86	1
214.87	1
214.88	1
214.89	1
214.9	1
214.91	1
214.92	1
214.93	1
214.94	1
214.95	1
214.96	1
214.97	1
214.98	1
214.99	1
215.0	1
215.01	1
215.02	1
215.03	1
215.04	1
215.05	1
215.06	1
215.07	1
215.08	1
215.09	1
215.1	1
215.11	1
215.12	1
215.13	1
215.14	1
215.15	1
215.16	1
215.17	1
215.18	1
215.19	1
215.2	1
215.21	1
215.22	1
215.23	1
215.24	1
215.25	1
215.26	1
215.27	1
215.28	1
215.29	1
215.3	1
215.31	1
215.32	1
215.33	1
215.34	1
215.35	1
215.36	1
215.37	1
215.38	1
215.39	1
215.4	1
215.41	1
215.42	1
215.43	1
215.44	1
215.45	1
215.46	1
215.47	1
215.48	1
215.49	1
215.5	1
215.51	1
215.52	1
215.53	1
215.54	1
215.55	1
215.56	1
215.57	1
215.58	1
215.59	1
215.6	1
215.61	1
215.62	1
215.63	1
215.64	1
215.65	1
215.66	1
215.67	1
215.68	1
215.69	1
215.7	1
215.71	1
215.72	1
215.73	1
215.74	1
215.75	1
215.76	1
215.77	1
215.78	1
215.79	1
215.8	1
215.81	1
215.82	1
215.83	1
215.84	1
215.85	1
215.86	1
215.87	1
215.88	1
215.89	1
215.9	1
215.91	1
215.92	1
215.93	1
215.94	1
215.95	1
215.96	1
215.97	1
215.98	1
215.99	1
216.0	1
216.01	1
216.02	1
216.03	1
216.04	1
216.05	1
216.06	1
216.07	1
216.08	1
216.09	1
216.1	1
216.11	1
216.12	1
216.13	1
216.14	1
216.15	1
216.16	1
216.17	1
216.18	1
216.19	1
216.2	1
216.21	1
216.22	1
216.23	1
216.24	1
216.25	1
216.26	1
216.27	1
216.28	1
216.29	1
216.3	1
216.31	1
216.32	1
216.33	1
216.34	1
216.35	1
216.36	1
216.37	1
216.38	1
216.39	1
216.4	1
216.41	1
216.42	1
216.43	1
216.44	1
216.45	1
216.46	1
216.47	1
216.48	1
216.49	1
216.5	1
216.51	1
216.52	1
216.53	1
216.54	1
216.55	1
216.56	1
216.57	1
216.58	1
216.59	1
216.6	1
216.61	1
216.62	1
216.63	1
216.64	1
216.65	1
216.66	1
216.67	1
216.68	1
216.69	1
216.7	1
216.71	1
216.72	1
216.73	1
216.74	1
216.75	1
216.76	1
216.77	1
216.78	1
216.79	1
216.8	1
216.81	1
216.82	1
216.83	1
216.84	1
216.85	1
216.86	1
216.87	1
216.88	1
216.89	1
216.9	1
216.91	1
216.92	1
216.93	1
216.94	1
216.95	1
216.96	1
216.97	1
216.98	1
216.99	1
217.0	1
217.01	1
217.02	1
217.03	1
217.04	1
217.05	1
217.06	1
217.07	1
217.08	1
217.09	1
217.1	1
217.11	1
217.12	1
217.13	1
217.14	1
217.15	1
217.16	1
217.17	1
217.18	1
217.19	1
217.2	1
217.21	1
217.22	1
217.23	1
217.24	1
217.25	1
217.26	1
217.27	1
217.28	1
217.29	1
217.3	1
217.31	1
217.32	1
217.33	1
217.34	1
217.35	1
217.36	1
217.37	1
217.38	1
217.39	1
217.4	1
217.41	1
217.42	1
217.43	1
217.44	1
217.45	1
217.46	1
217.47	1
217.48	1
217.49	1
217.5	1
217.51	1
217.52	1
217.53	1
217.54	1
217.55	1
217.56	1
217.57	1
217.58	1
217.59	1
217.6	1
217.61	1
217.62	1
217.63	1
217.64	1
217.65	1
217.66	1
217.67	1
217.68	1
217.69	1
217.7	1
217.71	1
217.72	1
217.73	1
217.74	1
217.75	1
217.76	1
217.77	1
217.78	1
217.79	1
217.8	1
217.81	1
217.82	1
217.83	1
217.84	1
217.85	1
217.86	1
217.87	1
217.88	1
217.89	1
217.9	1
217.91	1
217.92	1
217.93	1
217.94	1
217.95	1
217.96	1
217.97	1
217.98	1
217.99	1
218.0	1
218.01	1
218.02	1
218.03	1
218.04	1
218.05	1
218.06	1
218.07	1
218.08	1
218.09	1
218.1	1
218.11	1
218.12	1
218.13	1
218.14	1
218.15	1
218.16	1
218.17	1
218.18	1
218.19	1
218.2	1
218.21	1
218.22	1
218.23	1
218.24	1
218.25	1
218.26	1
218.27	1
218.28	1
218.29	1
218.3	1
218.31	1
218.32	1
218.33	1
218.34	1
218.35	1
218.36	1
218.37	1
218.38	1
218.39	1
218.4	1
218.41	1
218.42	1
218.43	1
218.44	1
218.45	1
218.46	1
218.47	1
218.48	1
218.49	1
218.5	1
218.51	1
218.52	1
218.53	1
218.54	1
218.55	1
218.56	1
218.57	1
218.58	1
218.59	1
218.6	1
218.61	1
218.62	1
218.63	1
218.64	1
218.65	1
218.66	1
218.67	1
218.68	1
218.69	1
218.7	1
218.71	1
218.72	1
218.73	1
218.74	1
218.75	1
218.76	1
218.77	1
218.78	1
218.79	1
218.8	1
218.81	1
218.82	1
218.83	1
218.84	1
218.85	1
218.86	1
218.87	1
218.88	1
218.89	1
218.9	1
218.91	1
218.92	1
218.93	1
218.94	1
218.95	1
218.96	1
218.97	1
218.98	1
218.99	1
219.0	1
219.01	1
219.02	1
219.03	1
219.04	1
219.05	1
219.06	1
219.07	1
219.08	1
219.09	1
219.1	1
219.11	1
219.12	1
219.13	1
219.14	1
219.15	1
219.16	1
219.17	1
219.18	1
219.19	1
219.2	1
219.21	1
219.22	1
219.23	1
219.24	1
219.25	1
219.26	1
219.27	1
219.28	1
219.29	1
219.3	1
219.31	1
219.32	1
219.33	1
219.34	1
219.35	1
219.36	1
219.37	1
219.38	1
219.39	1
219.4	1
219.41	1
219.42	1
219.43	1
219.44	1
219.45	1
219.46	1
219.47	1
219.48	1
219.49	1
219.5	1
219.51	1
219.52	1
219.53	1
219.54	1
219.55	1
219.56	1
219.57	1
219.58	1
219.59	1
219.6	1
219.61	1
219.62	1
219.63	1
219.64	1
219.65	1
219.66	1
219.67	1
219.68	1
219.69	1
219.7	1
219.71	1
219.72	1
219.73	1
219.74	1
219.75	1
219.76	1
219.77	1
219.78	1
219.79	1
219.8	1
219.81	1
219.82	1
219.83	1
219.84	1
219.85	1
219.86	1
219.87	1
219.88	1
219.89	1
219.9	1
219.91	1
219.92	1
219.93	1
219.94	1
219.95	1
219.96	1
219.97	1
219.98	1
219.99	1
220.0	1
220.01	1
220.02	1
220.03	1
220.04	1
220.05	1
220.06	1
220.07	1
220.08	1
220.09	1
220.1	1
220.11	1
220.12	1
220.13	1
220.14	1
220.15	1
220.16	1
220.17	1
220.18	1
220.19	1
220.2	1
220.21	1
220.22	1
220.23	1
220.24	1
220.25	1
220.26	1
220.27	1
220.28	1
220.29	1
220.3	1
220.31	1
220.32	1
220.33	1
220.34	1
220.35	1
220.36	1
220.37	1
220.38	1
220.39	1
220.4	1
220.41	1
220.42	1
220.43	1
220.44	1
220.45	1
220.46	1
220.47	1
220.48	1
220.49	1
220.5	1
220.51	1
220.52	1
220.53	1
220.54	1
220.55	1
220.56	1
220.57	1
220.58	1
220.59	1
220.6	1
220.61	1
220.62	1
220.63	1
220.64	1
220.65	1
220.66	1
220.67	1
220.68	1
220.69	1
220.7	1
220.71	1
220.72	1
220.73	1
220.74	1
220.75	1
220.76	1
220.77	1
220.78	1
220.79	1
220.8	1
220.81	1
220.82	1
220.83	1
220.84	1
220.85	1
220.86	1
220.87	1
220.88	1
220.89	1
220.9	1
220.91	1
220.92	1
220.93	1
220.94	1
220.95	1
220.96	1
220.97	1
220.98	1
220.99	1
221.0	1
221.01	1
221.02	1
221.03	1
221.04	1
221.05	1
221.06	1
221.07	1
221.08	1
221.09	1
221.1	1
221.11	1
221.12	1
221.13	1
221.14	1
221.15	1
221.16	1
221.17	1
221.18	1
221.19	1
221.2	1
221.21	1
221.22	1
221.23	1
221.24	1
221.25	1
221.26	1
221.27	1
221.28	1
221.29	1
221.3	1
221.31	1
221.32	1
221.33	1
221.34	1
221.35	1
221.36	1
221.37	1
221.38	1
221.39	1
221.4	1
221.41	1
221.42	1
221.43	1
221.44	1
221.45	1
221.46	1
221.47	1
221.48	1
221.49	1
221.5	1
221.51	1
221.52	1
221.53	1
221.54	1
221.55	1
221.56	1
221.57	1
221.58	1
221.59	1
221.6	1
221.61	1
221.62	1
221.63	1
221.64	1
221.65	1
221.66	1
221.67	1
221.68	1
221.69	1
221.7	1
221.71	1
221.72	1
221.73	1
221.74	1
221.75	1
221.76	1
221.77	1
221.78	1
221.79	1
221.8	1
221.81	1
221.82	1
221.83	1
221.84	1
221.85	1
221.86	1
221.87	1
221.88	1
221.89	1
221.9	1
221.91	1
221.92	1
221.93	1
221.94	1
221.95	1
221.96	1
221.97	1
221.98	1
221.99	1
222.0	1
222.01	1
222.02	1
222.03	1
222.04	1
222.05	1
222.06	1
222.07	1
222.08	1
222.09	1
222.1	1
222.11	1
222.12	1
222.13	1
222.14	1
222.15	1
222.16	1
222.17	1
222.18	1
222.19	1
222.2	1
222.21	1
222.22	1
222.23	1
222.24	1
222.25	1
222.26	1
222.27	1
222.28	1
222.29	1
222.3	1
222.31	1
222.32	1
222.33	1
222.34	1
222.35	1
222.36	1
222.37	1
222.38	1
222.39	1
222.4	1
222.41	1
222.42	1
222.43	1
222.44	1
222.45	1
222.46	1
222.47	1
222.48	1
222.49	1
222.5	1
222.51	1
222.52	1
222.53	1
222.54	1
222.55	1
222.56	1
222.57	1
222.58	1
222.59	1
222.6	1
222.61	1
222.62	1
222.63	1
222.64	1
222.65	1
222.66	1
222.67	1
222.68	1
222.69	1
222.7	1
222.71	1
222.72	1
222.73	1
222.74	1
222.75	1
222.76	1
222.77	1
222.78	1
222.79	1
222.8	1
222.81	1
222.82	1
222.83	1
222.84	1
222.85	1
222.86	1
222.87	1
222.88	1
222.89	1
222.9	1
222.91	1
222.92	1
222.93	1
222.94	1
222.95	1
222.96	1
222.97	1
222.98	1
222.99	1
223.0	1
223.01	1
223.02	1
223.03	1
223.04	1
223.05	1
223.06	1
223.07	1
223.08	1
223.09	1
223.1	1
223.11	1
223.12	1
223.13	1
223.14	1
223.15	1
223.16	1
223.17	1
223.18	1
223.19	1
223.2	1
223.21	1
223.22	1
223.23	1
223.24	1
223.25	1
223.26	1
223.27	1
223.28	1
223.29	1
223.3	1
223.31	1
223.32	1
223.33	1
223.34	1
223.35	1
223.36	1
223.37	1
223.38	1
223.39	1
223.4	1
223.41	1
223.42	1
223.43	1
223.44	1
223.45	1
223.46	1
223.47	1
223.48	1
223.49	1
223.5	1
223.51	1
223.52	1
223.53	1
223.54	1
223.55	1
223.56	1
223.57	1
223.58	1
223.59	1
223.6	1
223.61	1
223.62	1
223.63	1
223.64	1
223.65	1
223.66	1
223.67	1
223.68	1
223.69	1
223.7	1
223.71	1
223.72	1
223.73	1
223.74	1
223.75	1
223.76	1
223.77	1
223.78	1
223.79	1
223.8	1
223.81	1
223.82	1
223.83	1
223.84	1
223.85	1
223.86	1
223.87	1
223.88	1
223.89	1
223.9	1
223.91	1
223.92	1
223.93	1
223.94	1
223.95	1
223.96	1
223.97	1
223.98	1
223.99	1
224.0	1
224.01	1
224.02	1
224.03	1
224.04	1
224.05	1
224.06	1
224.07	1
224.08	1
224.09	1
224.1	1
224.11	1
224.12	1
224.13	1
224.14	1
224.15	1
224.16	1
224.17	1
224.18	1
224.19	1
224.2	1
224.21	1
224.22	1
224.23	1
224.24	1
224.25	1
224.26	1
224.27	1
224.28	1
224.29	1
224.3	1
224.31	1
224.32	1
224.33	1
224.34	1
224.35	1
224.36	1
224.37	1
224.38	1
224.39	1
224.4	1
224.41	1
224.42	1
224.43	1
224.44	1
224.45	1
224.46	1
224.47	1
224.48	1
224.49	1
224.5	1
224.51	1
224.52	1
224.53	1
224.54	1
224.55	1
224.56	1
224.57	1
224.58	1
224.59	1
224.6	1
224.61	1
224.62	1
224.63	1
224.64	1
224.65	1
224.66	1
224.67	1
224.68	1
224.69	1
224.7	1
224.71	1
224.72	1
224.73	1
224.74	1
224.75	1
224.76	1
224.77	1
224.78	1
224.79	1
224.8	1
224.81	1
224.82	1
224.83	1
224.84	1
224.85	1
224.86	1
224.87	1
224.88	1
224.89	1
224.9	1
224.91	1
224.92	1
224.93	1
224.94	1
224.95	1
224.96	1
224.97	1
224.98	1
224.99	1
225.0	1
225.01	1
225.02	1
225.03	1
225.04	1
225.05	1
225.06	1
225.07	1
225.08	1
225.09	1
225.1	1
225.11	1
225.12	1
225.13	1
225.14	1
225.15	1
225.16	1
225.17	1
225.18	1
225.19	1
225.2	1
225.21	1
225.22	1
225.23	1
225.24	1
225.25	1
225.26	1
225.27	1
225.28	1
225.29	1
225.3	1
225.31	1
225.32	1
225.33	1
225.34	1
225.35	1
225.36	1
225.37	1
225.38	1
225.39	1
225.4	1
225.41	1
225.42	1
225.43	1
225.44	1
225.45	1
225.46	1
225.47	1
225.48	1
225.49	1
225.5	1
225.51	1
225.52	1
225.53	1
225.54	1
225.55	1
225.56	1
225.57	1
225.58	1
225.59	1
225.6	1
225.61	1
225.62	1
225.63	1
225.64	1
225.65	1
225.66	1
225.67	1
225.68	1
225.69	1
225.7	1
225.71	1
225.72	1
225.73	1
225.74	1
225.75	1
225.76	1
225.77	1
225.78	1
225.79	1
225.8	1
225.81	1
225.82	1
225.83	1
225.84	1
225.85	1
225.86	1
225.87	1
225.88	1
225.89	1
225.9	1
225.91	1
225.92	1
225.93	1
225.94	1
225.95	1
225.96	1
225.97	1
225.98	1
225.99	1
226.0	1
226.01	1
226.02	1
226.03	1
226.04	1
226.05	1
226.06	1
226.07	1
226.08	1
226.09	1
226.1	1
226.11	1
226.12	1
226.13	1
226.14	1
226.15	1
226.16	1
226.17	1
226.18	1
226.19	1
226.2	1
226.21	1
226.22	1
226.23	1
226.24	1
226.25	1
226.26	1
226.27	1
226.28	1
226.29	1
226.3	1
226.31	1
226.32	1
226.33	1
226.34	1
226.35	1
226.36	1
226.37	1
226.38	1
226.39	1
226.4	1
226.41	1
226.42	1
226.43	1
226.44	1
226.45	1
226.46	1
226.47	1
226.48	1
226.49	1
226.5	1
226.51	1
226.52	1
226.53	1
226.54	1
226.55	1
226.56	1
226.57	1
226.58	1
226.59	1
226.6	1
226.61	1
226.62	1
226.63	1
226.64	1
226.65	1
226.66	1
226.67	1
226.68	1
226.69	1
226.7	1
226.71	1
226.72	1
226.73	1
226.74	1
226.75	1
226.76	1
226.77	1
226.78	1
226.79	1
226.8	1
226.81	1
226.82	1
226.83	1
226.84	1
226.85	1
226.86	1
226.87	1
226.88	1
226.89	1
226.9	1
226.91	1
226.92	1
226.93	1
226.94	1
226.95	1
226.96	1
226.97	1
226.98	1
226.99	1
227.0	1
227.01	1
227.02	1
227.03	1
227.04	1
227.05	1
227.06	1
227.07	1
227.08	1
227.09	1
227.1	1
227.11	1
227.12	1
227.13	1
227.14	1
227.15	1
227.16	1
227.17	1
227.18	1
227.19	1
227.2	1
227.21	1
227.22	1
227.23	1
227.24	1
227.25	1
227.26	1
227.27	1
227.28	1
227.29	1
227.3	1
227.31	1
227.32	1
227.33	1
227.34	1
227.35	1
227.36	1
227.37	1
227.38	1
227.39	1
227.4	1
227.41	1
227.42	1
227.43	1
227.44	1
227.45	1
227.46	1
227.47	1
227.48	1
227.49	1
227.5	1
227.51	1
227.52	1
227.53	1
227.54	1
227.55	1
227.56	1
227.57	1
227.58	1
227.59	1
227.6	1
227.61	1
227.62	1
227.63	1
227.64	1
227.65	1
227.66	1
227.67	1
227.68	1
227.69	1
227.7	1
227.71	1
227.72	1
227.73	1
227.74	1
227.75	1
227.76	1
227.77	1
227.78	1
227.79	1
227.8	1
227.81	1
227.82	1
227.83	1
227.84	1
227.85	1
227.86	1
227.87	1
227.88	1
227.89	1
227.9	1
227.91	1
227.92	1
227.93	1
227.94	1
227.95	1
227.96	1
227.97	1
227.98	1
227.99	1
228.0	1
228.01	1
228.02	1
228.03	1
228.04	1
228.05	1
228.06	1
228.07	1
228.08	1
228.09	1
228.1	1
228.11	1
228.12	1
228.13	1
228.14	1
228.15	1
228.16	1
228.17	1
228.18	1
228.19	1
228.2	1
228.21	1
228.22	1
228.23	1
228.24	1
228.25	1
228.26	1
228.27	1
228.28	1
228.29	1
228.3	1
228.31	1
228.32	1
228.33	1
228.34	1
228.35	1
228.36	1
228.37	1
228.38	1
228.39	1
228.4	1
228.41	1
228.42	1
228.43	1
228.44	1
228.45	1
228.46	1
228.47	1
228.48	1
228.49	1
228.5	1
228.51	1
228.52	1
228.53	1
228.54	1
228.55	1
228.56	1
228.57	1
228.58	1
228.59	1
228.6	1
228.61	1
228.62	1
228.63	1
228.64	1
228.65	1
228.66	1
228.67	1
228.68	1
228.69	1
228.7	1
228.71	1
228.72	1
228.73	1
228.74	1
228.75	1
228.76	1
228.77	1
228.78	1
228.79	1
228.8	1
228.81	1
228.82	1
228.83	1
228.84	1
228.85	1
228.86	1
228.87	1
228.88	1
228.89	1
228.9	1
228.91	1
228.92	1
228.93	1
228.94	1
228.95	1
228.96	1
228.97	1
228.98	1
228.99	1
229.0	1
229.01	1
229.02	1
229.03	1
229.04	1
229.05	1
229.06	1
229.07	1
229.08	1
229.09	1
229.1	1
229.11	1
229.12	1
229.13	1
229.14	1
229.15	1
229.16	1
229.17	1
229.18	1
229.19	1
229.2	1
229.21	1
229.22	1
229.23	1
229.24	1
229.25	1
229.26	1
229.27	1
229.28	1
229.29	1
229.3	1
229.31	1
229.32	1
229.33	1
229.34	1
229.35	1
229.36	1
229.37	1
229.38	1
229.39	1
229.4	1
229.41	1
229.42	1
229.43	1
229.44	1
229.45	1
229.46	1
229.47	1
229.48	1
229.49	1
229.5	1
229.51	1
229.52	1
229.53	1
229.54	1
229.55	1
229.56	1
229.57	1
229.58	1
229.59	1
229.6	1
229.61	1
229.62	1
229.63	1
229.64	1
229.65	1
229.66	1
229.67	1
229.68	1
229.69	1
229.7	1
229.71	1
229.72	1
229.73	1
229.74	1
229.75	1
229.76	1
229.77	1
229.78	1
229.79	1
229.8	1
229.81	1
229.82	1
229.83	1
229.84	1
229.85	1
229.86	1
229.87	1
229.88	1
229.89	1
229.9	1
229.91	1
229.92	1
229.93	1
229.94	1
229.95	1
229.96	1
229.97	1
229.98	1
229.99	1
230.0	1
230.01	1
230.02	1
230.03	1
230.04	1
230.05	1
230.06	1
230.07	1
230.08	1
230.09	1
230.1	1
230.11	1
230.12	1
230.13	1
230.14	1
230.15	1
230.16	1
230.17	1
230.18	1
230.19	1
230.2	1
230.21	1
230.22	1
230.23	1
230.24	1
230.25	1
230.26	1
230.27	1
230.28	1
230.29	1
230.3	1
230.31	1
230.32	1
230.33	1
230.34	1
230.35	1
230.36	1
230.37	1
230.38	1
230.39	1
230.4	1
230.41	1
230.42	1
230.43	1
230.44	1
230.45	1
230.46	1
230.47	1
230.48	1
230.49	1
230.5	1
230.51	1
230.52	1
230.53	1
230.54	1
230.55	1
230.56	1
230.57	1
230.58	1
230.59	1
230.6	1
230.61	1
230.62	1
230.63	1
230.64	1
230.65	1
230.66	1
230.67	1
230.68	1
230.69	1
230.7	1
230.71	1
230.72	1
230.73	1
230.74	1
230.75	1
230.76	1
230.77	1
230.78	1
230.79	1
230.8	1
230.81	1
230.82	1
230.83	1
230.84	1
230.85	1
230.86	1
230.87	1
230.88	1
230.89	1
230.9	1
230.91	1
230.92	1
230.93	1
230.94	1
230.95	1
230.96	1
230.97	1
230.98	1
230.99	1
231.0	1
231.01	1
231.02	1
231.03	1
231.04	1
231.05	1
231.06	1
231.07	1
231.08	1
231.09	1
231.1	1
231.11	1
231.12	1
231.13	1
231.14	1
231.15	1
231.16	1
231.17	1
231.18	1
231.19	1
231.2	1
231.21	1
231.22	1
231.23	1
231.24	1
231.25	1
231.26	1
231.27	1
231.28	1
231.29	1
231.3	1
231.31	1
231.32	1
231.33	1
231.34	1
231.35	1
231.36	1
231.37	1
231.38	1
231.39	1
231.4	1
231.41	1
231.42	1
231.43	1
231.44	1
231.45	1
231.46	1
231.47	1
231.48	1
231.49	1
231.5	1
231.51	1
231.52	1
231.53	1
231.54	1
231.55	1
231.56	1
231.57	1
231.58	1
231.59	1
231.6	1
231.61	1
231.62	1
231.63	1
231.64	1
231.65	1
231.66	1
231.67	1
231.68	1
231.69	1
231.7	1
231.71	1
231.72	1
231.73	1
231.74	1
231.75	1
231.76	1
231.77	1
231.78	1
231.79	1
231.8	1
231.81	1
231.82	1
231.83	1
231.84	1
231.85	1
231.86	1
231.87	1
231.88	1
231.89	1
231.9	1
231.91	1
231.92	1
231.93	1
231.94	1
231.95	1
231.96	1
231.97	1
231.98	1
231.99	1
232.0	1
232.01	1
232.02	1
232.03	1
232.04	1
232.05	1
232.06	1
232.07	1
232.08	1
232.09	1
232.1	1
232.11	1
232.12	1
232.13	1
232.14	1
232.15	1
232.16	1
232.17	1
232.18	1
232.19	1
232.2	1
232.21	1
232.22	1
232.23	1
232.24	1
232.25	1
232.26	1
232.27	1
232.28	1
232.29	1
232.3	1
232.31	1
232.32	1
232.33	1
232.34	1
232.35	1
232.36	1
232.37	1
232.38	1
232.39	1
232.4	1
232.41	1
232.42	1
232.43	1
232.44	1
232.45	1
232.46	1
232.47	1
232.48	1
232.49	1
232.5	1
232.51	1
232.52	1
232.53	1
232.54	1
232.55	1
232.56	1
232.57	1
232.58	1
232.59	1
232.6	1
232.61	1
232.62	1
232.63	1
232.64	1
232.65	1
232.66	1
232.67	1
232.68	1
232.69	1
232.7	1
232.71	1
232.72	1
232.73	1
232.74	1
232.75	1
232.76	1
232.77	1
232.78	1
232.79	1
232.8	1
232.81	1
232.82	1
232.83	1
232.84	1
232.85	1
232.86	1
232.87	1
232.88	1
232.89	1
232.9	1
232.91	1
232.92	1
232.93	1
232.94	1
232.95	1
232.96	1
232.97	1
232.98	1
232.99	1
233.0	1
233.01	1
233.02	1
233.03	1
233.04	1
233.05	1
233.06	1
233.07	1
233.08	1
233.09	1
233.1	1
233.11	1
233.12	1
233.13	1
233.14	1
233.15	1
233.16	1
233.17	1
233.18	1
233.19	1
233.2	1
233.21	1
233.22	1
233.23	1
233.24	1
233.25	1
233.26	1
233.27	1
233.28	1
233.29	1
233.3	1
233.31	1
233.32	1
233.33	1
233.34	1
233.35	1
233.36	1
233.37	1
233.38	1
233.39	1
233.4	1
233.41	1
233.42	1
233.43	1
233.44	1
233.45	1
233.46	1
233.47	1
233.48	1
233.49	1
233.5	1
233.51	1
233.52	1
233.53	1
233.54	1
233.55	1
233.56	1
233.57	1
233.58	1
233.59	1
233.6	1
233.61	1
233.62	1
233.63	1
233.64	1
233.65	1
233.66	1
233.67	1
233.68	1
233.69	1
233.7	1
233.71	1
233.72	1
233.73	1
233.74	1
233.75	1
233.76	1
233.77	1
233.78	1
233.79	1
233.8	1
233.81	1
233.82	1
233.83	1
233.84	1
233.85	1
233.86	1
233.87	1
233.88	1
233.89	1
233.9	1
233.91	1
233.92	1
233.93	1
233.94	1
233.95	1
233.96	1
233.97	1
233.98	1
233.99	1
234.0	1
234.01	1
234.02	1
234.03	1
234.04	1
234.05	1
234.06	1
234.07	1
234.08	1
234.09	1
234.1	1
234.11	1
234.12	1
234.13	1
234.14	1
234.15	1
234.16	1
234.17	1
234.18	1
234.19	1
234.2	1
234.21	1
234.22	1
234.23	1
234.24	1
234.25	1
234.26	1
234.27	1
234.28	1
234.29	1
234.3	1
234.31	1
234.32	1
234.33	1
234.34	1
234.35	1
234.36	1
234.37	1
234.38	1
234.39	1
234.4	1
234.41	1
234.42	1
234.43	1
234.44	1
234.45	1
234.46	1
234.47	1
234.48	1
234.49	1
234.5	1
234.51	1
234.52	1
234.53	1
234.54	1
234.55	1
234.56	1
234.57	1
234.58	1
234.59	1
234.6	1
234.61	1
234.62	1
234.63	1
234.64	1
234.65	1
234.66	1
234.67	1
234.68	1
234.69	1
234.7	1
234.71	1
234.72	1
234.73	1
234.74	1
234.75	1
234.76	1
234.77	1
234.78	1
234.79	1
234.8	1
234.81	1
234.82	1
234.83	1
234.84	1
234.85	1
234.86	1
234.87	1
234.88	1
234.89	1
234.9	1
234.91	1
234.92	1
234.93	1
234.94	1
234.95	1
234.96	1
234.97	1
234.98	1
234.99	1
235.0	1
235.01	1
235.02	1
235.03	1
235.04	1
235.05	1
235.06	1
235.07	1
235.08	1
235.09	1
235.1	1
235.11	1
235.12	1
235.13	1
235.14	1
235.15	1
235.16	1
235.17	1
235.18	1
235.19	1
235.2	1
235.21	1
235.22	1
235.23	1
235.24	1
235.25	1
235.26	1
235.27	1
235.28	1
235.29	1
235.3	1
235.31	1
235.32	1
235.33	1
235.34	1
235.35	1
235.36	1
235.37	1
235.38	1
235.39	1
235.4	1
235.41	1
235.42	1
235.43	1
235.44	1
235.45	1
235.46	1
235.47	1
235.48	1
235.49	1
235.5	1
235.51	1
235.52	1
235.53	1
235.54	1
235.55	1
235.56	1
235.57	1
235.58	1
235.59	1
235.6	1
235.61	1
235.62	1
235.63	1
235.64	1
235.65	1
235.66	1
235.67	1
235.68	1
235.69	1
235.7	1
235.71	1
235.72	1
235.73	1
235.74	1
235.75	1
235.76	1
235.77	1
235.78	1
235.79	1
235.8	1
235.81	1
235.82	1
235.83	1
235.84	1
235.85	1
235.86	1
235.87	1
235.88	1
235.89	1
235.9	1
235.91	1
235.92	1
235.93	1
235.94	1
235.95	1
235.96	1
235.97	1
235.98	1
235.99	1
236.0	1
236.01	1
236.02	1
236.03	1
236.04	1
236.05	1
236.06	1
236.07	1
236.08	1
236.09	1
236.1	1
236.11	1
236.12	1
236.13	1
236.14	1
236.15	1
236.16	1
236.17	1
236.18	1
236.19	1
236.2	1
236.21	1
236.22	1
236.23	1
236.24	1
236.25	1
236.26	1
236.27	1
236.28	1
236.29	1
236.3	1
236.31	1
236.32	1
236.33	1
236.34	1
236.35	1
236.36	1
236.37	1
236.38	1
236.39	1
236.4	1
236.41	1
236.42	1
236.43	1
236.44	1
236.45	1
236.46	1
236.47	1
236.48	1
236.49	1
236.5	1
236.51	1
236.52	1
236.53	1
236.54	1
236.55	1
236.56	1
236.57	1
236.58	1
236.59	1
236.6	1
236.61	1
236.62	1
236.63	1
236.64	1
236.65	1
236.66	1
236.67	1
236.68	1
236.69	1
236.7	1
236.71	1
236.72	1
236.73	1
236.74	1
236.75	1
236.76	1
236.77	1
236.78	1
236.79	1
236.8	1
236.81	1
236.82	1
236.83	1
236.84	1
236.85	1
236.86	1
236.87	1
236.88	1
236.89	1
236.9	1
236.91	1
236.92	1
236.93	1
236.94	1
236.95	1
236.96	1
236.97	1
236.98	1
236.99	1
237.0	1
237.01	1
237.02	1
237.03	1
237.04	1
237.05	1
237.06	1
237.07	1
237.08	1
237.09	1
237.1	1
237.11	1
237.12	1
237.13	1
237.14	1
237.15	1
237.16	1
237.17	1
237.18	1
237.19	1
237.2	1
237.21	1
237.22	1
237.23	1
237.24	1
237.25	1
237.26	1
237.27	1
237.28	1
237.29	1
237.3	1
237.31	1
237.32	1
237.33	1
237.34	1
237.35	1
237.36	1
237.37	1
237.38	1
237.39	1
237.4	1
237.41	1
237.42	1
237.43	1
237.44	1
237.45	1
237.46	1
237.47	1
237.48	1
237.49	1
237.5	1
237.51	1
237.52	1
237.53	1
237.54	1
237.55	1
237.56	1
237.57	1
237.58	1
237.59	1
237.6	1
237.61	1
237.62	1
237.63	1
237.64	1
237.65	1
237.66	1
237.67	1
237.68	1
237.69	1
237.7	1
237.71	1
237.72	1
237.73	1
237.74	1
237.75	1
237.76	1
237.77	1
237.78	1
237.79	1
237.8	1
237.81	1
237.82	1
237.83	1
237.84	1
237.85	1
237.86	1
237.87	1
237.88	1
237.89	1
237.9	1
237.91	1
237.92	1
237.93	1
237.94	1
237.95	1
237.96	1
237.97	1
237.98	1
237.99	1
238.0	1
238.01	1
238.02	1
238.03	1
238.04	1
238.05	1
238.06	1
238.07	1
238.08	1
238.09	1
238.1	1
238.11	1
238.12	1
238.13	1
238.14	1
238.15	1
238.16	1
238.17	1
238.18	1
238.19	1
238.2	1
238.21	1
238.22	1
238.23	1
238.24	1
238.25	1
238.26	1
238.27	1
238.28	1
238.29	1
238.3	1
238.31	1
238.32	1
238.33	1
238.34	1
238.35	1
238.36	1
238.37	1
238.38	1
238.39	1
238.4	1
238.41	1
238.42	1
238.43	1
238.44	1
238.45	1
238.46	1
238.47	1
238.48	1
238.49	1
238.5	1
238.51	1
238.52	1
238.53	1
238.54	1
238.55	1
238.56	1
238.57	1
238.58	1
238.59	1
238.6	1
238.61	1
238.62	1
238.63	1
238.64	1
238.65	1
238.66	1
238.67	1
238.68	1
238.69	1
238.7	1
238.71	1
238.72	1
238.73	1
238.74	1
238.75	1
238.76	1
238.77	1
238.78	1
238.79	1
238.8	1
238.81	1
238.82	1
238.83	1
238.84	1
238.85	1
238.86	1
238.87	1
238.88	1
238.89	1
238.9	1
238.91	1
238.92	1
238.93	1
238.94	1
238.95	1
238.96	1
238.97	1
238.98	1
238.99	1
239.0	1
239.01	1
239.02	1
239.03	1
239.04	1
239.05	1
239.06	1
239.07	1
239.08	1
239.09	1
239.1	1
239.11	1
239.12	1
239.13	1
239.14	1
239.15	1
239.16	1
239.17	1
239.18	1
239.19	1
239.2	1
239.21	1
239.22	1
239.23	1
239.24	1
239.25	1
239.26	1
239.27	1
239.28	1
239.29	1
239.3	1
239.31	1
239.32	1
239.33	1
239.34	1
239.35	1
239.36	1
239.37	1
239.38	1
239.39	1
239.4	1
239.41	1
239.42	1
239.43	1
239.44	1
239.45	1
239.46	1
239.47	1
239.48	1
239.49	1
239.5	1
239.51	1
239.52	1
239.53	1
239.54	1
239.55	1
239.56	1
239.57	1
239.58	1
239.59	1
239.6	1
239.61	1
239.62	1
239.63	1
239.64	1
239.65	1
239.66	1
239.67	1
239.68	1
239.69	1
239.7	1
239.71	1
239.72	1
239.73	1
239.74	1
239.75	1
239.76	1
239.77	1
239.78	1
239.79	1
239.8	1
239.81	1
239.82	1
239.83	1
239.84	1
239.85	1
239.86	1
239.87	1
239.88	1
239.89	1
239.9	1
239.91	1
239.92	1
239.93	1
239.94	1
239.95	1
239.96	1
239.97	1
239.98	1
239.99	1
240.0	1
240.01	1
240.02	1
240.03	1
240.04	1
240.05	1
240.06	1
240.07	1
240.08	1
240.09	1
240.1	1
240.11	1
240.12	1
240.13	1
240.14	1
240.15	1
240.16	1
240.17	1
240.18	1
240.19	1
240.2	1
240.21	1
240.22	1
240.23	1
240.24	1
240.25	1
240.26	1
240.27	1
240.28	1
240.29	1
240.3	1
240.31	1
240.32	1
240.33	1
240.34	1
240.35	1
240.36	1
240.37	1
240.38	1
240.39	1
240.4	1
240.41	1
240.42	1
240.43	1
240.44	1
240.45	1
240.46	1
240.47	1
240.48	1
240.49	1
240.5	1
240.51	1
240.52	1
240.53	1
240.54	1
240.55	1
240.56	1
240.57	1
240.58	1
240.59	1
240.6	1
240.61	1
240.62	1
240.63	1
240.64	1
240.65	1
240.66	1
240.67	1
240.68	1
240.69	1
240.7	1
240.71	1
240.72	1
240.73	1
240.74	1
240.75	1
240.76	1
240.77	1
240.78	1
240.79	1
240.8	1
240.81	1
240.82	1
240.83	1
240.84	1
240.85	1
240.86	1
240.87	1
240.88	1
240.89	1
240.9	1
240.91	1
240.92	1
240.93	1
240.94	1
240.95	1
240.96	1
240.97	1
240.98	1
240.99	1
241.0	1
241.01	1
241.02	1
241.03	1
241.04	1
241.05	1
241.06	1
241.07	1
241.08	1
241.09	1
241.1	1
241.11	1
241.12	1
241.13	1
241.14	1
241.15	1
241.16	1
241.17	1
241.18	1
241.19	1
241.2	1
241.21	1
241.22	1
241.23	1
241.24	1
241.25	1
241.26	1
241.27	1
241.28	1
241.29	1
241.3	1
241.31	1
241.32	1
241.33	1
241.34	1
241.35	1
241.36	1
241.37	1
241.38	1
241.39	1
241.4	1
241.41	1
241.42	1
241.43	1
241.44	1
241.45	1
241.46	1
241.47	1
241.48	1
241.49	1
241.5	1
241.51	1
241.52	1
241.53	1
241.54	1
241.55	1
241.56	1
241.57	1
241.58	1
241.59	1
241.6	1
241.61	1
241.62	1
241.63	1
241.64	1
241.65	1
241.66	1
241.67	1
241.68	1
241.69	1
241.7	1
241.71	1
241.72	1
241.73	1
241.74	1
241.75	1
241.76	1
241.77	1
241.78	1
241.79	1
241.8	1
241.81	1
241.82	1
241.83	1
241.84	1
241.85	1
241.86	1
241.87	1
241.88	1
241.89	1
241.9	1
241.91	1
241.92	1
241.93	1
241.94	1
241.95	1
241.96	1
241.97	1
241.98	1
241.99	1
242.0	1
242.01	1
242.02	1
242.03	1
242.04	1
242.05	1
242.06	1
242.07	1
242.08	1
242.09	1
242.1	1
242.11	1
242.12	1
242.13	1
242.14	1
242.15	1
242.16	1
242.17	1
242.18	1
242.19	1
242.2	1
242.21	1
242.22	1
242.23	1
242.24	1
242.25	1
242.26	1
242.27	1
242.28	1
242.29	1
242.3	1
242.31	1
242.32	1
242.33	1
242.34	1
242.35	1
242.36	1
242.37	1
242.38	1
242.39	1
242.4	1
242.41	1
242.42	1
242.43	1
242.44	1
242.45	1
242.46	1
242.47	1
242.48	1
242.49	1
242.5	1
242.51	1
242.52	1
242.53	1
242.54	1
242.55	1
242.56	1
242.57	1
242.58	1
242.59	1
242.6	1
242.61	1
242.62	1
242.63	1
242.64	1
242.65	1
242.66	1
242.67	1
242.68	1
242.69	1
242.7	1
242.71	1
242.72	1
242.73	1
242.74	1
242.75	1
242.76	1
242.77	1
242.78	1
242.79	1
242.8	1
242.81	1
242.82	1
242.83	1
242.84	1
242.85	1
242.86	1
242.87	1
242.88	1
242.89	1
242.9	1
242.91	1
242.92	1
242.93	1
242.94	1
242.95	1
242.96	1
242.97	1
242.98	1
242.99	1
243.0	1
243.01	1
243.02	1
243.03	1
243.04	1
243.05	1
243.06	1
243.07	1
243.08	1
243.09	1
243.1	1
243.11	1
243.12	1
243.13	1
243.14	1
243.15	1
243.16	1
243.17	1
243.18	1
243.19	1
243.2	1
243.21	1
243.22	1
243.23	1
243.24	1
243.25	1
243.26	1
243.27	1
243.28	1
243.29	1
243.3	1
243.31	1
243.32	1
243.33	1
243.34	1
243.35	1
243.36	1
243.37	1
243.38	1
243.39	1
243.4	1
243.41	1
243.42	1
243.43	1
243.44	1
243.45	1
243.46	1
243.47	1
243.48	1
243.49	1
243.5	1
243.51	1
243.52	1
243.53	1
243.54	1
243.55	1
243.56	1
243.57	1
243.58	1
243.59	1
243.6	1
243.61	1
243.62	1
243.63	1
243.64	1
243.65	1
243.66	1
243.67	1
243.68	1
243.69	1
243.7	1
243.71	1
243.72	1
243.73	1
243.74	1
243.75	1
243.76	1
243.77	1
243.78	1
243.79	1
243.8	1
243.81	1
243.82	1
243.83	1
243.84	1
243.85	1
243.86	1
243.87	1
243.88	1
243.89	1
243.9	1
243.91	1
243.92	1
243.93	1
243.94	1
243.95	1
243.96	1
243.97	1
243.98	1
243.99	1
244.0	1
