240.0	1
240.01	1
240.02	1
240.03	1
240.04	1
240.05	1
240.06	1
240.07	1
240.08	1
240.09	1
240.1	1
240.11	1
240.12	1
240.13	1
240.14	1
240.15	1
240.16	1
240.17	1
240.18	1
240.19	1
240.2	1
240.21	1
240.22	1
240.23	1
240.24	1
240.25	1
240.26	1
240.27	1
240.28	1
240.29	1
240.3	1
240.31	1
240.32	1
240.33	1
240.34	1
240.35	1
240.36	1
240.37	1
240.38	1
240.39	1
240.4	1
240.41	1
240.42	1
240.43	1
240.44	1
240.45	1
240.46	1
240.47	1
240.48	1
240.49	1
240.5	1
240.51	1
240.52	1
240.53	1
240.54	1
240.55	1
240.56	1
240.57	1
240.58	1
240.59	1
240.6	1
240.61	1
240.62	1
240.63	1
240.64	1
240.65	1
240.66	1
240.67	1
240.68	1
240.69	1
240.7	1
240.71	1
240.72	1
240.73	1
240.74	1
240.75	1
240.76	1
240.77	1
240.78	1
240.79	1
240.8	1
240.81	1
240.82	1
240.83	1
240.84	1
240.85	1
240.86	1
240.87	1
240.88	1
240.89	1
240.9	1
240.91	1
240.92	1
240.93	1
240.94	1
240.95	1
240.96	1
240.97	1
240.98	1
240.99	1
241.0	1
241.01	1
241.02	1
241.03	1
241.04	1
241.05	1
241.06	1
241.07	1
241.08	1
241.09	1
241.1	1
241.11	1
241.12	1
241.13	1
241.14	1
241.15	1
241.16	1
241.17	1
241.18	1
241.19	1
241.2	1
241.21	1
241.22	1
241.23	1
241.24	1
241.25	1
241.26	1
241.27	1
241.28	1
241.29	1
241.3	1
241.31	1
241.32	1
241.33	1
241.34	1
241.35	1
241.36	1
241.37	1
241.38	1
241.39	1
241.4	1
241.41	1
241.42	1
241.43	1
241.44	1
241.45	1
241.46	1
241.47	1
241.48	1
241.49	1
241.5	1
241.51	1
241.52	1
241.53	1
241.54	1
241.55	1
241.56	1
241.57	1
241.58	1
241.59	1
241.6	1
241.61	1
241.62	1
241.63	1
241.64	1
241.65	1
241.66	1
241.67	1
241.68	1
241.69	1
241.7	1
241.71	1
241.72	1
241.73	1
241.74	1
241.75	1
241.76	1
241.77	1
241.78	1
241.79	1
241.8	1
241.81	1
241.82	1
241.83	1
241.84	1
241.85	1
241.86	1
241.87	1
241.88	1
241.89	1
241.9	1
241.91	1
241.92	1
241.93	1
241.94	1
241.95	1
241.96	1
241.97	1
241.98	1
241.99	1
242.0	1
242.01	1
242.02	1
242.03	1
242.04	1
242.05	1
242.06	1
242.07	1
242.08	1
242.09	1
242.1	1
242.11	1
242.12	1
242.13	1
242.14	1
242.15	1
242.16	1
242.17	1
242.18	1
242.19	1
242.2	1
242.21	1
242.22	1
242.23	1
242.24	1
242.25	1
242.26	1
242.27	1
242.28	1
242.29	1
242.3	1
242.31	1
242.32	1
242.33	1
242.34	1
242.35	1
242.36	1
242.37	1
242.38	1
242.39	1
242.4	1
242.41	1
242.42	1
242.43	1
242.44	1
242.45	1
242.46	1
242.47	1
242.48	1
242.49	1
242.5	1
242.51	1
242.52	1
242.53	1
242.54	1
242.55	1
242.56	1
242.57	1
242.58	1
242.59	1
242.6	1
242.61	1
242.62	1
242.63	1
242.64	1
242.65	1
242.66	1
242.67	1
242.68	1
242.69	1
242.7	1
242.71	1
242.72	1
242.73	1
242.74	1
242.75	1
242.76	1
242.77	1
242.78	1
242.79	1
242.8	1
242.81	1
242.82	1
242.83	1
242.84	1
242.85	1
242.86	1
242.87	1
242.88	1
242.89	1
242.9	1
242.91	1
242.92	1
242.93	1
242.94	1
242.95	1
242.96	1
242.97	1
242.98	1
242.99	1
243.0	1
243.01	1
243.02	1
243.03	1
243.04	1
243.05	1
243.06	1
243.07	1
243.08	1
243.09	1
243.1	1
243.11	1
243.12	1
243.13	1
243.14	1
243.15	1
243.16	1
243.17	1
243.18	1
243.19	1
243.2	1
243.21	1
243.22	1
243.23	1
243.24	1
243.25	1
243.26	1
243.27	1
243.28	1
243.29	1
243.3	1
243.31	1
243.32	1
243.33	1
243.34	1
243.35	1
243.36	1
243.37	1
243.38	1
243.39	1
243.4	1
243.41	1
243.42	1
243.43	1
243.44	1
243.45	1
243.46	1
243.47	1
243.48	1
243.49	1
243.5	1
243.51	1
243.52	1
243.53	1
243.54	1
243.55	1
243.56	1
243.57	1
243.58	1
243.59	1
243.6	1
243.61	1
243.62	1
243.63	1
243.64	1
243.65	1
243.66	1
243.67	1
243.68	1
243.69	1
243.7	1
243.71	1
243.72	1
243.73	1
243.74	1
243.75	1
243.76	1
243.77	1
243.78	1
243.79	1
243.8	1
243.81	1
243.82	1
243.83	1
243.84	1
243.85	1
243.86	1
243.87	1
243.88	1
243.89	1
243.9	1
243.91	1
243.92	1
243.93	1
243.94	1
243.95	1
243.96	1
243.97	1
243.98	1
243.99	1
244.0	1
244.01	1
244.02	1
244.03	1
244.04	1
244.05	1
244.06	1
244.07	1
244.08	1
244.09	1
244.1	1
244.11	1
244.12	1
244.13	1
244.14	1
244.15	1
244.16	1
244.17	1
244.18	1
244.19	1
244.2	1
244.21	1
244.22	1
244.23	1
244.24	1
244.25	1
244.26	1
244.27	1
244.28	1
244.29	1
244.3	1
244.31	1
244.32	1
244.33	1
244.34	1
244.35	1
244.36	1
244.37	1
244.38	1
244.39	1
244.4	1
244.41	1
244.42	1
244.43	1
244.44	1
244.45	1
244.46	1
244.47	1
244.48	1
244.49	1
244.5	1
244.51	1
244.52	1
244.53	1
244.54	1
244.55	1
244.56	1
244.57	1
244.58	1
244.59	1
244.6	1
244.61	1
244.62	1
244.63	1
244.64	1
244.65	1
244.66	1
244.67	1
244.68	1
244.69	1
244.7	1
244.71	1
244.72	1
244.73	1
244.74	1
244.75	1
244.76	1
244.77	1
244.78	1
244.79	1
244.8	1
244.81	1
244.82	1
244.83	1
244.84	1
244.85	1
244.86	1
244.87	1
244.88	1
244.89	1
244.9	1
244.91	1
244.92	1
244.93	1
244.94	1
244.95	1
244.96	1
244.97	1
244.98	1
244.99	1
245.0	1
245.01	1
245.02	1
245.03	1
245.04	1
245.05	1
245.06	1
245.07	1
245.08	1
245.09	1
245.1	1
245.11	1
245.12	1
245.13	1
245.14	1
245.15	1
245.16	1
245.17	1
245.18	1
245.19	1
245.2	1
245.21	1
245.22	1
245.23	1
245.24	1
245.25	1
245.26	1
245.27	1
245.28	1
245.29	1
245.3	1
245.31	1
245.32	1
245.33	1
245.34	1
245.35	1
245.36	1
245.37	1
245.38	1
245.39	1
245.4	1
245.41	1
245.42	1
245.43	1
245.44	1
245.45	1
245.46	1
245.47	1
245.48	1
245.49	1
245.5	1
245.51	1
245.52	1
245.53	1
245.54	1
245.55	1
245.56	1
245.57	1
245.58	1
245.59	1
245.6	1
245.61	1
245.62	1
245.63	1
245.64	1
245.65	1
245.66	1
245.67	1
245.68	1
245.69	1
245.7	1
245.71	1
245.72	1
245.73	1
245.74	1
245.75	1
245.76	1
245.77	1
245.78	1
245.79	1
245.8	1
245.81	1
245.82	1
245.83	1
245.84	1
245.85	1
245.86	1
245.87	1
245.88	1
245.89	1
245.9	1
245.91	1
245.92	1
245.93	1
245.94	1
245.95	1
245.96	1
245.97	1
245.98	1
245.99	1
246.0	1
246.01	1
246.02	1
246.03	1
246.04	1
246.05	1
246.06	1
246.07	1
246.08	1
246.09	1
246.1	1
246.11	1
246.12	1
246.13	1
246.14	1
246.15	1
246.16	1
246.17	1
246.18	1
246.19	1
246.2	1
246.21	1
246.22	1
246.23	1
246.24	1
246.25	1
246.26	1
246.27	1
246.28	1
246.29	1
246.3	1
246.31	1
246.32	1
246.33	1
246.34	1
246.35	1
246.36	1
246.37	1
246.38	1
246.39	1
246.4	1
246.41	1
246.42	1
246.43	1
246.44	1
246.45	1
246.46	1
246.47	1
246.48	1
246.49	1
246.5	1
246.51	1
246.52	1
246.53	1
246.54	1
246.55	1
246.56	1
246.57	1
246.58	1
246.59	1
246.6	1
246.61	1
246.62	1
246.63	1
246.64	1
246.65	1
246.66	1
246.67	1
246.68	1
246.69	1
246.7	1
246.71	1
246.72	1
246.73	1
246.74	1
246.75	1
246.76	1
246.77	1
246.78	1
246.79	1
246.8	1
246.81	1
246.82	1
246.83	1
246.84	1
246.85	1
246.86	1
246.87	1
246.88	1
246.89	1
246.9	1
246.91	1
246.92	1
246.93	1
246.94	1
246.95	1
246.96	1
246.97	1
246.98	1
246.99	1
247.0	1
247.01	1
247.02	1
247.03	1
247.04	1
247.05	1
247.06	1
247.07	1
247.08	1
247.09	1
247.1	1
247.11	1
247.12	1
247.13	1
247.14	1
247.15	1
247.16	1
247.17	1
247.18	1
247.19	1
247.2	1
247.21	1
247.22	1
247.23	1
247.24	1
247.25	1
247.26	1
247.27	1
247.28	1
247.29	1
247.3	1
247.31	1
247.32	1
247.33	1
247.34	1
247.35	1
247.36	1
247.37	1
247.38	1
247.39	1
247.4	1
247.41	1
247.42	1
247.43	1
247.44	1
247.45	1
247.46	1
247.47	1
247.48	1
247.49	1
247.5	1
247.51	1
247.52	1
247.53	1
247.54	1
247.55	1
247.56	1
247.57	1
247.58	1
247.59	1
247.6	1
247.61	1
247.62	1
247.63	1
247.64	1
247.65	1
247.66	1
247.67	1
247.68	1
247.69	1
247.7	1
247.71	1
247.72	1
247.73	1
247.74	1
247.75	1
247.76	1
247.77	1
247.78	1
247.79	1
247.8	1
247.81	1
247.82	1
247.83	1
247.84	1
247.85	1
247.86	1
247.87	1
247.88	1
247.89	1
247.9	1
247.91	1
247.92	1
247.93	1
247.94	1
247.95	1
247.96	1
247.97	1
247.98	1
247.99	1
248.0	1
248.01	1
248.02	1
248.03	1
248.04	1
248.05	1
248.06	1
248.07	1
248.08	1
248.09	1
248.1	1
248.11	1
248.12	1
248.13	1
248.14	1
248.15	1
248.16	1
248.17	1
248.18	1
248.19	1
248.2	1
248.21	1
248.22	1
248.23	1
248.24	1
248.25	1
248.26	1
248.27	1
248.28	1
248.29	1
248.3	1
248.31	1
248.32	1
248.33	1
248.34	1
248.35	1
248.36	1
248.37	1
248.38	1
248.39	1
248.4	1
248.41	1
248.42	1
248.43	1
248.44	1
248.45	1
248.46	1
248.47	1
248.48	1
248.49	1
248.5	1
248.51	1
248.52	1
248.53	1
248.54	1
248.55	1
248.56	1
248.57	1
248.58	1
248.59	1
248.6	1
248.61	1
248.62	1
248.63	1
248.64	1
248.65	1
248.66	1
248.67	1
248.68	1
248.69	1
248.7	1
248.71	1
248.72	1
248.73	1
248.74	1
248.75	1
248.76	1
248.77	1
248.78	1
248.79	1
248.8	1
248.81	1
248.82	1
248.83	1
248.84	1
248.85	1
248.86	1
248.87	1
248.88	1
248.89	1
248.9	1
248.91	1
248.92	1
248.93	1
248.94	1
248.95	1
248.96	1
248.97	1
248.98	1
248.99	1
249.0	1
249.01	1
249.02	1
249.03	1
249.04	1
249.05	1
249.06	1
249.07	1
249.08	1
249.09	1
249.1	1
249.11	1
249.12	1
249.13	1
249.14	1
249.15	1
249.16	1
249.17	1
249.18	1
249.19	1
249.2	1
249.21	1
249.22	1
249.23	1
249.24	1
249.25	1
249.26	1
249.27	1
249.28	1
249.29	1
249.3	1
249.31	1
249.32	1
249.33	1
249.34	1
249.35	1
249.36	1
249.37	1
249.38	1
249.39	1
249.4	1
249.41	1
249.42	1
249.43	1
249.44	1
249.45	1
249.46	1
249.47	1
249.48	1
249.49	1
249.5	1
249.51	1
249.52	1
249.53	1
249.54	1
249.55	1
249.56	1
249.57	1
249.58	1
249.59	1
249.6	1
249.61	1
249.62	1
249.63	1
249.64	1
249.65	1
249.66	1
249.67	1
249.68	1
249.69	1
249.7	1
249.71	1
249.72	1
249.73	1
249.74	1
249.75	1
249.76	1
249.77	1
249.78	1
249.79	1
249.8	1
249.81	1
249.82	1
249.83	1
249.84	1
249.85	1
249.86	1
249.87	1
249.88	1
249.89	1
249.9	1
249.91	1
249.92	1
249.93	1
249.94	1
249.95	1
249.96	1
249.97	1
249.98	1
249.99	1
250.0	1
250.01	1
250.02	1
250.03	1
250.04	1
250.05	1
250.06	1
250.07	1
250.08	1
250.09	1
250.1	1
250.11	1
250.12	1
250.13	1
250.14	1
250.15	1
250.16	1
250.17	1
250.18	1
250.19	1
250.2	1
250.21	1
250.22	1
250.23	1
250.24	1
250.25	1
250.26	1
250.27	1
250.28	1
250.29	1
250.3	1
250.31	1
250.32	1
250.33	1
250.34	1
250.35	1
250.36	1
250.37	1
250.38	1
250.39	1
250.4	1
250.41	1
250.42	1
250.43	1
250.44	1
250.45	1
250.46	1
250.47	1
250.48	1
250.49	1
250.5	1
250.51	1
250.52	1
250.53	1
250.54	1
250.55	1
250.56	1
250.57	1
250.58	1
250.59	1
250.6	1
250.61	1
250.62	1
250.63	1
250.64	1
250.65	1
250.66	1
250.67	1
250.68	1
250.69	1
250.7	1
250.71	1
250.72	1
250.73	1
250.74	1
250.75	1
250.76	1
250.77	1
250.78	1
250.79	1
250.8	1
250.81	1
250.82	1
250.83	1
250.84	1
250.85	1
250.86	1
250.87	1
250.88	1
250.89	1
250.9	1
250.91	1
250.92	1
250.93	1
250.94	1
250.95	1
250.96	1
250.97	1
250.98	1
250.99	1
251.0	1
251.01	1
251.02	1
251.03	1
251.04	1
251.05	1
251.06	1
251.07	1
251.08	1
251.09	1
251.1	1
251.11	1
251.12	1
251.13	1
251.14	1
251.15	1
251.16	1
251.17	1
251.18	1
251.19	1
251.2	1
251.21	1
251.22	1
251.23	1
251.24	1
251.25	1
251.26	1
251.27	1
251.28	1
251.29	1
251.3	1
251.31	1
251.32	1
251.33	1
251.34	1
251.35	1
251.36	1
251.37	1
251.38	1
251.39	1
251.4	1
251.41	1
251.42	1
251.43	1
251.44	1
251.45	1
251.46	1
251.47	1
251.48	1
251.49	1
251.5	1
251.51	1
251.52	1
251.53	1
251.54	1
251.55	1
251.56	1
251.57	1
251.58	1
251.59	1
251.6	1
251.61	1
251.62	1
251.63	1
251.64	1
251.65	1
251.66	1
251.67	1
251.68	1
251.69	1
251.7	1
251.71	1
251.72	1
251.73	1
251.74	1
251.75	1
251.76	1
251.77	1
251.78	1
251.79	1
251.8	1
251.81	1
251.82	1
251.83	1
251.84	1
251.85	1
251.86	1
251.87	1
251.88	1
251.89	1
251.9	1
251.91	1
251.92	1
251.93	1
251.94	1
251.95	1
251.96	1
251.97	1
251.98	1
251.99	1
252.0	1
252.01	1
252.02	1
252.03	1
252.04	1
252.05	1
252.06	1
252.07	1
252.08	1
252.09	1
252.1	1
252.11	1
252.12	1
252.13	1
252.14	1
252.15	1
252.16	1
252.17	1
252.18	1
252.19	1
252.2	1
252.21	1
252.22	1
252.23	1
252.24	1
252.25	1
252.26	1
252.27	1
252.28	1
252.29	1
252.3	1
252.31	1
252.32	1
252.33	1
252.34	1
252.35	1
252.36	1
252.37	1
252.38	1
252.39	1
252.4	1
252.41	1
252.42	1
252.43	1
252.44	1
252.45	1
252.46	1
252.47	1
252.48	1
252.49	1
252.5	1
252.51	1
252.52	1
252.53	1
252.54	1
252.55	1
252.56	1
252.57	1
252.58	1
252.59	1
252.6	1
252.61	1
252.62	1
252.63	1
252.64	1
252.65	1
252.66	1
252.67	1
252.68	1
252.69	1
252.7	1
252.71	1
252.72	1
252.73	1
252.74	1
252.75	1
252.76	1
252.77	1
252.78	1
252.79	1
252.8	1
252.81	1
252.82	1
252.83	1
252.84	1
252.85	1
252.86	1
252.87	1
252.88	1
252.89	1
252.9	1
252.91	1
252.92	1
252.93	1
252.94	1
252.95	1
252.96	1
252.97	1
252.98	1
252.99	1
253.0	1
253.01	1
253.02	1
253.03	1
253.04	1
253.05	1
253.06	1
253.07	1
253.08	1
253.09	1
253.1	1
253.11	1
253.12	1
253.13	1
253.14	1
253.15	1
253.16	1
253.17	1
253.18	1
253.19	1
253.2	1
253.21	1
253.22	1
253.23	1
253.24	1
253.25	1
253.26	1
253.27	1
253.28	1
253.29	1
253.3	1
253.31	1
253.32	1
253.33	1
253.34	1
253.35	1
253.36	1
253.37	1
253.38	1
253.39	1
253.4	1
253.41	1
253.42	1
253.43	1
253.44	1
253.45	1
253.46	1
253.47	1
253.48	1
253.49	1
253.5	1
253.51	1
253.52	1
253.53	1
253.54	1
253.55	1
253.56	1
253.57	1
253.58	1
253.59	1
253.6	1
253.61	1
253.62	1
253.63	1
253.64	1
253.65	1
253.66	1
253.67	1
253.68	1
253.69	1
253.7	1
253.71	1
253.72	1
253.73	1
253.74	1
253.75	1
253.76	1
253.77	1
253.78	1
253.79	1
253.8	1
253.81	1
253.82	1
253.83	1
253.84	1
253.85	1
253.86	1
253.87	1
253.88	1
253.89	1
253.9	1
253.91	1
253.92	1
253.93	1
253.94	1
253.95	1
253.96	1
253.97	1
253.98	1
253.99	1
254.0	1
254.01	1
254.02	1
254.03	1
254.04	1
254.05	1
254.06	1
254.07	1
254.08	1
254.09	1
254.1	1
254.11	1
254.12	1
254.13	1
254.14	1
254.15	1
254.16	1
254.17	1
254.18	1
254.19	1
254.2	1
254.21	1
254.22	1
254.23	1
254.24	1
254.25	1
254.26	1
254.27	1
254.28	1
254.29	1
254.3	1
254.31	1
254.32	1
254.33	1
254.34	1
254.35	1
254.36	1
254.37	1
254.38	1
254.39	1
254.4	1
254.41	1
254.42	1
254.43	1
254.44	1
254.45	1
254.46	1
254.47	1
254.48	1
254.49	1
254.5	1
254.51	1
254.52	1
254.53	1
254.54	1
254.55	1
254.56	1
254.57	1
254.58	1
254.59	1
254.6	1
254.61	1
254.62	1
254.63	1
254.64	1
254.65	1
254.66	1
254.67	1
254.68	1
254.69	1
254.7	1
254.71	1
254.72	1
254.73	1
254.74	1
254.75	1
254.76	1
254.77	1
254.78	1
254.79	1
254.8	1
254.81	1
254.82	1
254.83	1
254.84	1
254.85	1
254.86	1
254.87	1
254.88	1
254.89	1
254.9	1
254.91	1
254.92	1
254.93	1
254.94	1
254.95	1
254.96	1
254.97	1
254.98	1
254.99	1
255.0	1
255.01	1
255.02	1
255.03	1
255.04	1
255.05	1
255.06	1
255.07	1
255.08	1
255.09	1
255.1	1
255.11	1
255.12	1
255.13	1
255.14	1
255.15	1
255.16	1
255.17	1
255.18	1
255.19	1
255.2	1
255.21	1
255.22	1
255.23	1
255.24	1
255.25	1
255.26	1
255.27	1
255.28	1
255.29	1
255.3	1
255.31	1
255.32	1
255.33	1
255.34	1
255.35	1
255.36	1
255.37	1
255.38	1
255.39	1
255.4	1
255.41	1
255.42	1
255.43	1
255.44	1
255.45	1
255.46	1
255.47	1
255.48	1
255.49	1
255.5	1
255.51	1
255.52	1
255.53	1
255.54	1
255.55	1
255.56	1
255.57	1
255.58	1
255.59	1
255.6	1
255.61	1
255.62	1
255.63	1
255.64	1
255.65	1
255.66	1
255.67	1
255.68	1
255.69	1
255.7	1
255.71	1
255.72	1
255.73	1
255.74	1
255.75	1
255.76	1
255.77	1
255.78	1
255.79	1
255.8	1
255.81	1
255.82	1
255.83	1
255.84	1
255.85	1
255.86	1
255.87	1
255.88	1
255.89	1
255.9	1
255.91	1
255.92	1
255.93	1
255.94	1
255.95	1
255.96	1
255.97	1
255.98	1
255.99	1
256.0	1
256.01	1
256.02	1
256.03	1
256.04	1
256.05	1
256.06	1
256.07	1
256.08	1
256.09	1
256.1	1
256.11	1
256.12	1
256.13	1
256.14	1
256.15	1
256.16	1
256.17	1
256.18	1
256.19	1
256.2	1
256.21	1
256.22	1
256.23	1
256.24	1
256.25	1
256.26	1
256.27	1
256.28	1
256.29	1
256.3	1
256.31	1
256.32	1
256.33	1
256.34	1
256.35	1
256.36	1
256.37	1
256.38	1
256.39	1
256.4	1
256.41	1
256.42	1
256.43	1
256.44	1
256.45	1
256.46	1
256.47	1
256.48	1
256.49	1
256.5	1
256.51	1
256.52	1
256.53	1
256.54	1
256.55	1
256.56	1
256.57	1
256.58	1
256.59	1
256.6	1
256.61	1
256.62	1
256.63	1
256.64	1
256.65	1
256.66	1
256.67	1
256.68	1
256.69	1
256.7	1
256.71	1
256.72	1
256.73	1
256.74	1
256.75	1
256.76	1
256.77	1
256.78	1
256.79	1
256.8	1
256.81	1
256.82	1
256.83	1
256.84	1
256.85	1
256.86	1
256.87	1
256.88	1
256.89	1
256.9	1
256.91	1
256.92	1
256.93	1
256.94	1
256.95	1
256.96	1
256.97	1
256.98	1
256.99	1
257.0	1
257.01	1
257.02	1
257.03	1
257.04	1
257.05	1
257.06	1
257.07	1
257.08	1
257.09	1
257.1	1
257.11	1
257.12	1
257.13	1
257.14	1
257.15	1
257.16	1
257.17	1
257.18	1
257.19	1
257.2	1
257.21	1
257.22	1
257.23	1
257.24	1
257.25	1
257.26	1
257.27	1
257.28	1
257.29	1
257.3	1
257.31	1
257.32	1
257.33	1
257.34	1
257.35	1
257.36	1
257.37	1
257.38	1
257.39	1
257.4	1
257.41	1
257.42	1
257.43	1
257.44	1
257.45	1
257.46	1
257.47	1
257.48	1
257.49	1
257.5	1
257.51	1
257.52	1
257.53	1
257.54	1
257.55	1
257.56	1
257.57	1
257.58	1
257.59	1
257.6	1
257.61	1
257.62	1
257.63	1
257.64	1
257.65	1
257.66	1
257.67	1
257.68	1
257.69	1
257.7	1
257.71	1
257.72	1
257.73	1
257.74	1
257.75	1
257.76	1
257.77	1
257.78	1
257.79	1
257.8	1
257.81	1
257.82	1
257.83	1
257.84	1
257.85	1
257.86	1
257.87	1
257.88	1
257.89	1
257.9	1
257.91	1
257.92	1
257.93	1
257.94	1
257.95	1
257.96	1
257.97	1
257.98	1
257.99	1
258.0	1
258.01	1
258.02	1
258.03	1
258.04	1
258.05	1
258.06	1
258.07	1
258.08	1
258.09	1
258.1	1
258.11	1
258.12	1
258.13	1
258.14	1
258.15	1
258.16	1
258.17	1
258.18	1
258.19	1
258.2	1
258.21	1
258.22	1
258.23	1
258.24	1
258.25	1
258.26	1
258.27	1
258.28	1
258.29	1
258.3	1
258.31	1
258.32	1
258.33	1
258.34	1
258.35	1
258.36	1
258.37	1
258.38	1
258.39	1
258.4	1
258.41	1
258.42	1
258.43	1
258.44	1
258.45	1
258.46	1
258.47	1
258.48	1
258.49	1
258.5	1
258.51	1
258.52	1
258.53	1
258.54	1
258.55	1
258.56	1
258.57	1
258.58	1
258.59	1
258.6	1
258.61	1
258.62	1
258.63	1
258.64	1
258.65	1
258.66	1
258.67	1
258.68	1
258.69	1
258.7	1
258.71	1
258.72	1
258.73	1
258.74	1
258.75	1
258.76	1
258.77	1
258.78	1
258.79	1
258.8	1
258.81	1
258.82	1
258.83	1
258.84	1
258.85	1
258.86	1
258.87	1
258.88	1
258.89	1
258.9	1
258.91	1
258.92	1
258.93	1
258.94	1
258.95	1
258.96	1
258.97	1
258.98	1
258.99	1
259.0	1
259.01	1
259.02	1
259.03	1
259.04	1
259.05	1
259.06	1
259.07	1
259.08	1
259.09	1
259.1	1
259.11	1
259.12	1
259.13	1
259.14	1
259.15	1
259.16	1
259.17	1
259.18	1
259.19	1
259.2	1
259.21	1
259.22	1
259.23	1
259.24	1
259.25	1
259.26	1
259.27	1
259.28	1
259.29	1
259.3	1
259.31	1
259.32	1
259.33	1
259.34	1
259.35	1
259.36	1
259.37	1
259.38	1
259.39	1
259.4	1
259.41	1
259.42	1
259.43	1
259.44	1
259.45	1
259.46	1
259.47	1
259.48	1
259.49	1
259.5	1
259.51	1
259.52	1
259.53	1
259.54	1
259.55	1
259.56	1
259.57	1
259.58	1
259.59	1
259.6	1
259.61	1
259.62	1
259.63	1
259.64	1
259.65	1
259.66	1
259.67	1
259.68	1
259.69	1
259.7	1
259.71	1
259.72	1
259.73	1
259.74	1
259.75	1
259.76	1
259.77	1
259.78	1
259.79	1
259.8	1
259.81	1
259.82	1
259.83	1
259.84	1
259.85	1
259.86	1
259.87	1
259.88	1
259.89	1
259.9	1
259.91	1
259.92	1
259.93	1
259.94	1
259.95	1
259.96	1
259.97	1
259.98	1
259.99	1
260.0	1
260.01	1
260.02	1
260.03	1
260.04	1
260.05	1
260.06	1
260.07	1
260.08	1
260.09	1
260.1	1
260.11	1
260.12	1
260.13	1
260.14	1
260.15	1
260.16	1
260.17	1
260.18	1
260.19	1
260.2	1
260.21	1
260.22	1
260.23	1
260.24	1
260.25	1
260.26	1
260.27	1
260.28	1
260.29	1
260.3	1
260.31	1
260.32	1
260.33	1
260.34	1
260.35	1
260.36	1
260.37	1
260.38	1
260.39	1
260.4	1
260.41	1
260.42	1
260.43	1
260.44	1
260.45	1
260.46	1
260.47	1
260.48	1
260.49	1
260.5	1
260.51	1
260.52	1
260.53	1
260.54	1
260.55	1
260.56	1
260.57	1
260.58	1
260.59	1
260.6	1
260.61	1
260.62	1
260.63	1
260.64	1
260.65	1
260.66	1
260.67	1
260.68	1
260.69	1
260.7	1
260.71	1
260.72	1
260.73	1
260.74	1
260.75	1
260.76	1
260.77	1
260.78	1
260.79	1
260.8	1
260.81	1
260.82	1
260.83	1
260.84	1
260.85	1
260.86	1
260.87	1
260.88	1
260.89	1
260.9	1
260.91	1
260.92	1
260.93	1
260.94	1
260.95	1
260.96	1
260.97	1
260.98	1
260.99	1
261.0	1
261.01	1
261.02	1
261.03	1
261.04	1
261.05	1
261.06	1
261.07	1
261.08	1
261.09	1
261.1	1
261.11	1
261.12	1
261.13	1
261.14	1
261.15	1
261.16	1
261.17	1
261.18	1
261.19	1
261.2	1
261.21	1
261.22	1
261.23	1
261.24	1
261.25	1
261.26	1
261.27	1
261.28	1
261.29	1
261.3	1
261.31	1
261.32	1
261.33	1
261.34	1
261.35	1
261.36	1
261.37	1
261.38	1
261.39	1
261.4	1
261.41	1
261.42	1
261.43	1
261.44	1
261.45	1
261.46	1
261.47	1
261.48	1
261.49	1
261.5	1
261.51	1
261.52	1
261.53	1
261.54	1
261.55	1
261.56	1
261.57	1
261.58	1
261.59	1
261.6	1
261.61	1
261.62	1
261.63	1
261.64	1
261.65	1
261.66	1
261.67	1
261.68	1
261.69	1
261.7	1
261.71	1
261.72	1
261.73	1
261.74	1
261.75	1
261.76	1
261.77	1
261.78	1
261.79	1
261.8	1
261.81	1
261.82	1
261.83	1
261.84	1
261.85	1
261.86	1
261.87	1
261.88	1
261.89	1
261.9	1
261.91	1
261.92	1
261.93	1
261.94	1
261.95	1
261.96	1
261.97	1
261.98	1
261.99	1
262.0	1
262.01	1
262.02	1
262.03	1
262.04	1
262.05	1
262.06	1
262.07	1
262.08	1
262.09	1
262.1	1
262.11	1
262.12	1
262.13	1
262.14	1
262.15	1
262.16	1
262.17	1
262.18	1
262.19	1
262.2	1
262.21	1
262.22	1
262.23	1
262.24	1
262.25	1
262.26	1
262.27	1
262.28	1
262.29	1
262.3	1
262.31	1
262.32	1
262.33	1
262.34	1
262.35	1
262.36	1
262.37	1
262.38	1
262.39	1
262.4	1
262.41	1
262.42	1
262.43	1
262.44	1
262.45	1
262.46	1
262.47	1
262.48	1
262.49	1
262.5	1
262.51	1
262.52	1
262.53	1
262.54	1
262.55	1
262.56	1
262.57	1
262.58	1
262.59	1
262.6	1
262.61	1
262.62	1
262.63	1
262.64	1
262.65	1
262.66	1
262.67	1
262.68	1
262.69	1
262.7	1
262.71	1
262.72	1
262.73	1
262.74	1
262.75	1
262.76	1
262.77	1
262.78	1
262.79	1
262.8	1
262.81	1
262.82	1
262.83	1
262.84	1
262.85	1
262.86	1
262.87	1
262.88	1
262.89	1
262.9	1
262.91	1
262.92	1
262.93	1
262.94	1
262.95	1
262.96	1
262.97	1
262.98	1
262.99	1
263.0	1
263.01	1
263.02	1
263.03	1
263.04	1
263.05	1
263.06	1
263.07	1
263.08	1
263.09	1
263.1	1
263.11	1
263.12	1
263.13	1
263.14	1
263.15	1
263.16	1
263.17	1
263.18	1
263.19	1
263.2	1
263.21	1
263.22	1
263.23	1
263.24	1
263.25	1
263.26	1
263.27	1
263.28	1
263.29	1
263.3	1
263.31	1
263.32	1
263.33	1
263.34	1
263.35	1
263.36	1
263.37	1
263.38	1
263.39	1
263.4	1
263.41	1
263.42	1
263.43	1
263.44	1
263.45	1
263.46	1
263.47	1
263.48	1
263.49	1
263.5	1
263.51	1
263.52	1
263.53	1
263.54	1
263.55	1
263.56	1
263.57	1
263.58	1
263.59	1
263.6	1
263.61	1
263.62	1
263.63	1
263.64	1
263.65	1
263.66	1
263.67	1
263.68	1
263.69	1
263.7	1
263.71	1
263.72	1
263.73	1
263.74	1
263.75	1
263.76	1
263.77	1
263.78	1
263.79	1
263.8	1
263.81	1
263.82	1
263.83	1
263.84	1
263.85	1
263.86	1
263.87	1
263.88	1
263.89	1
263.9	1
263.91	1
263.92	1
263.93	1
263.94	1
263.95	1
263.96	1
263.97	1
263.98	1
263.99	1
264.0	1
264.01	1
264.02	1
264.03	1
264.04	1
264.05	1
264.06	1
264.07	1
264.08	1
264.09	1
264.1	1
264.11	1
264.12	1
264.13	1
264.14	1
264.15	1
264.16	1
264.17	1
264.18	1
264.19	1
264.2	1
264.21	1
264.22	1
264.23	1
264.24	1
264.25	1
264.26	1
264.27	1
264.28	1
264.29	1
264.3	1
264.31	1
264.32	1
264.33	1
264.34	1
264.35	1
264.36	1
264.37	1
264.38	1
264.39	1
264.4	1
264.41	1
264.42	1
264.43	1
264.44	1
264.45	1
264.46	1
264.47	1
264.48	1
264.49	1
264.5	1
264.51	1
264.52	1
264.53	1
264.54	1
264.55	1
264.56	1
264.57	1
264.58	1
264.59	1
264.6	1
264.61	1
264.62	1
264.63	1
264.64	1
264.65	1
264.66	1
264.67	1
264.68	1
264.69	1
264.7	1
264.71	1
264.72	1
264.73	1
264.74	1
264.75	1
264.76	1
264.77	1
264.78	1
264.79	1
264.8	1
264.81	1
264.82	1
264.83	1
264.84	1
264.85	1
264.86	1
264.87	1
264.88	1
264.89	1
264.9	1
264.91	1
264.92	1
264.93	1
264.94	1
264.95	1
264.96	1
264.97	1
264.98	1
264.99	1
265.0	1
265.01	1
265.02	1
265.03	1
265.04	1
265.05	1
265.06	1
265.07	1
265.08	1
265.09	1
265.1	1
265.11	1
265.12	1
265.13	1
265.14	1
265.15	1
265.16	1
265.17	1
265.18	1
265.19	1
265.2	1
265.21	1
265.22	1
265.23	1
265.24	1
265.25	1
265.26	1
265.27	1
265.28	1
265.29	1
265.3	1
265.31	1
265.32	1
265.33	1
265.34	1
265.35	1
265.36	1
265.37	1
265.38	1
265.39	1
265.4	1
265.41	1
265.42	1
265.43	1
265.44	1
265.45	1
265.46	1
265.47	1
265.48	1
265.49	1
265.5	1
265.51	1
265.52	1
265.53	1
265.54	1
265.55	1
265.56	1
265.57	1
265.58	1
265.59	1
265.6	1
265.61	1
265.62	1
265.63	1
265.64	1
265.65	1
265.66	1
265.67	1
265.68	1
265.69	1
265.7	1
265.71	1
265.72	1
265.73	1
265.74	1
265.75	1
265.76	1
265.77	1
265.78	1
265.79	1
265.8	1
265.81	1
265.82	1
265.83	1
265.84	1
265.85	1
265.86	1
265.87	1
265.88	1
265.89	1
265.9	1
265.91	1
265.92	1
265.93	1
265.94	1
265.95	1
265.96	1
265.97	1
265.98	1
265.99	1
266.0	1
266.01	1
266.02	1
266.03	1
266.04	1
266.05	1
266.06	1
266.07	1
266.08	1
266.09	1
266.1	1
266.11	1
266.12	1
266.13	1
266.14	1
266.15	1
266.16	1
266.17	1
266.18	1
266.19	1
266.2	1
266.21	1
266.22	1
266.23	1
266.24	1
266.25	1
266.26	1
266.27	1
266.28	1
266.29	1
266.3	1
266.31	1
266.32	1
266.33	1
266.34	1
266.35	1
266.36	1
266.37	1
266.38	1
266.39	1
266.4	1
266.41	1
266.42	1
266.43	1
266.44	1
266.45	1
266.46	1
266.47	1
266.48	1
266.49	1
266.5	1
266.51	1
266.52	1
266.53	1
266.54	1
266.55	1
266.56	1
266.57	1
266.58	1
266.59	1
266.6	1
266.61	1
266.62	1
266.63	1
266.64	1
266.65	1
266.66	1
266.67	1
266.68	1
266.69	1
266.7	1
266.71	1
266.72	1
266.73	1
266.74	1
266.75	1
266.76	1
266.77	1
266.78	1
266.79	1
266.8	1
266.81	1
266.82	1
266.83	1
266.84	1
266.85	1
266.86	1
266.87	1
266.88	1
266.89	1
266.9	1
266.91	1
266.92	1
266.93	1
266.94	1
266.95	1
266.96	1
266.97	1
266.98	1
266.99	1
267.0	1
267.01	1
267.02	1
267.03	1
267.04	1
267.05	1
267.06	1
267.07	1
267.08	1
267.09	1
267.1	1
267.11	1
267.12	1
267.13	1
267.14	1
267.15	1
267.16	1
267.17	1
267.18	1
267.19	1
267.2	1
267.21	1
267.22	1
267.23	1
267.24	1
267.25	1
267.26	1
267.27	1
267.28	1
267.29	1
267.3	1
267.31	1
267.32	1
267.33	1
267.34	1
267.35	1
267.36	1
267.37	1
267.38	1
267.39	1
267.4	1
267.41	1
267.42	1
267.43	1
267.44	1
267.45	1
267.46	1
267.47	1
267.48	1
267.49	1
267.5	1
267.51	1
267.52	1
267.53	1
267.54	1
267.55	1
267.56	1
267.57	1
267.58	1
267.59	1
267.6	1
267.61	1
267.62	1
267.63	1
267.64	1
267.65	1
267.66	1
267.67	1
267.68	1
267.69	1
267.7	1
267.71	1
267.72	1
267.73	1
267.74	1
267.75	1
267.76	1
267.77	1
267.78	1
267.79	1
267.8	1
267.81	1
267.82	1
267.83	1
267.84	1
267.85	1
267.86	1
267.87	1
267.88	1
267.89	1
267.9	1
267.91	1
267.92	1
267.93	1
267.94	1
267.95	1
267.96	1
267.97	1
267.98	1
267.99	1
268.0	1
268.01	1
268.02	1
268.03	1
268.04	1
268.05	1
268.06	1
268.07	1
268.08	1
268.09	1
268.1	1
268.11	1
268.12	1
268.13	1
268.14	1
268.15	1
268.16	1
268.17	1
268.18	1
268.19	1
268.2	1
268.21	1
268.22	1
268.23	1
268.24	1
268.25	1
268.26	1
268.27	1
268.28	1
268.29	1
268.3	1
268.31	1
268.32	1
268.33	1
268.34	1
268.35	1
268.36	1
268.37	1
268.38	1
268.39	1
268.4	1
268.41	1
268.42	1
268.43	1
268.44	1
268.45	1
268.46	1
268.47	1
268.48	1
268.49	1
268.5	1
268.51	1
268.52	1
268.53	1
268.54	1
268.55	1
268.56	1
268.57	1
268.58	1
268.59	1
268.6	1
268.61	1
268.62	1
268.63	1
268.64	1
268.65	1
268.66	1
268.67	1
268.68	1
268.69	1
268.7	1
268.71	1
268.72	1
268.73	1
268.74	1
268.75	1
268.76	1
268.77	1
268.78	1
268.79	1
268.8	1
268.81	1
268.82	1
268.83	1
268.84	1
268.85	1
268.86	1
268.87	1
268.88	1
268.89	1
268.9	1
268.91	1
268.92	1
268.93	1
268.94	1
268.95	1
268.96	1
268.97	1
268.98	1
268.99	1
269.0	1
269.01	1
269.02	1
269.03	1
269.04	1
269.05	1
269.06	1
269.07	1
269.08	1
269.09	1
269.1	1
269.11	1
269.12	1
269.13	1
269.14	1
269.15	1
269.16	1
269.17	1
269.18	1
269.19	1
269.2	1
269.21	1
269.22	1
269.23	1
269.24	1
269.25	1
269.26	1
269.27	1
269.28	1
269.29	1
269.3	1
269.31	1
269.32	1
269.33	1
269.34	1
269.35	1
269.36	1
269.37	1
269.38	1
269.39	1
269.4	1
269.41	1
269.42	1
269.43	1
269.44	1
269.45	1
269.46	1
269.47	1
269.48	1
269.49	1
269.5	1
269.51	1
269.52	1
269.53	1
269.54	1
269.55	1
269.56	1
269.57	1
269.58	1
269.59	1
269.6	1
269.61	1
269.62	1
269.63	1
269.64	1
269.65	1
269.66	1
269.67	1
269.68	1
269.69	1
269.7	1
269.71	1
269.72	1
269.73	1
269.74	1
269.75	1
269.76	1
269.77	1
269.78	1
269.79	1
269.8	1
269.81	1
269.82	1
269.83	1
269.84	1
269.85	1
269.86	1
269.87	1
269.88	1
269.89	1
269.9	1
269.91	1
269.92	1
269.93	1
269.94	1
269.95	1
269.96	1
269.97	1
269.98	1
269.99	1
270.0	1
270.01	1
270.02	1
270.03	1
270.04	1
270.05	1
270.06	1
270.07	1
270.08	1
270.09	1
270.1	1
270.11	1
270.12	1
270.13	1
270.14	1
270.15	1
270.16	1
270.17	1
270.18	1
270.19	1
270.2	1
270.21	1
270.22	1
270.23	1
270.24	1
270.25	1
270.26	1
270.27	1
270.28	1
270.29	1
270.3	1
270.31	1
270.32	1
270.33	1
270.34	1
270.35	1
270.36	1
270.37	1
270.38	1
270.39	1
270.4	1
270.41	1
270.42	1
270.43	1
270.44	1
270.45	1
270.46	1
270.47	1
270.48	1
270.49	1
270.5	1
270.51	1
270.52	1
270.53	1
270.54	1
270.55	1
270.56	1
270.57	1
270.58	1
270.59	1
270.6	1
270.61	1
270.62	1
270.63	1
270.64	1
270.65	1
270.66	1
270.67	1
270.68	1
270.69	1
270.7	1
270.71	1
270.72	1
270.73	1
270.74	1
270.75	1
270.76	1
270.77	1
270.78	1
270.79	1
270.8	1
270.81	1
270.82	1
270.83	1
270.84	1
270.85	1
270.86	1
270.87	1
270.88	1
270.89	1
270.9	1
270.91	1
270.92	1
270.93	1
270.94	1
270.95	1
270.96	1
270.97	1
270.98	1
270.99	1
271.0	1
271.01	1
271.02	1
271.03	1
271.04	1
271.05	1
271.06	1
271.07	1
271.08	1
271.09	1
271.1	1
271.11	1
271.12	1
271.13	1
271.14	1
271.15	1
271.16	1
271.17	1
271.18	1
271.19	1
271.2	1
271.21	1
271.22	1
271.23	1
271.24	1
271.25	1
271.26	1
271.27	1
271.28	1
271.29	1
271.3	1
271.31	1
271.32	1
271.33	1
271.34	1
271.35	1
271.36	1
271.37	1
271.38	1
271.39	1
271.4	1
271.41	1
271.42	1
271.43	1
271.44	1
271.45	1
271.46	1
271.47	1
271.48	1
271.49	1
271.5	1
271.51	1
271.52	1
271.53	1
271.54	1
271.55	1
271.56	1
271.57	1
271.58	1
271.59	1
271.6	1
271.61	1
271.62	1
271.63	1
271.64	1
271.65	1
271.66	1
271.67	1
271.68	1
271.69	1
271.7	1
271.71	1
271.72	1
271.73	1
271.74	1
271.75	1
271.76	1
271.77	1
271.78	1
271.79	1
271.8	1
271.81	1
271.82	1
271.83	1
271.84	1
271.85	1
271.86	1
271.87	1
271.88	1
271.89	1
271.9	1
271.91	1
271.92	1
271.93	1
271.94	1
271.95	1
271.96	1
271.97	1
271.98	1
271.99	1
272.0	1
272.01	1
272.02	1
272.03	1
272.04	1
272.05	1
272.06	1
272.07	1
272.08	1
272.09	1
272.1	1
272.11	1
272.12	1
272.13	1
272.14	1
272.15	1
272.16	1
272.17	1
272.18	1
272.19	1
272.2	1
272.21	1
272.22	1
272.23	1
272.24	1
272.25	1
272.26	1
272.27	1
272.28	1
272.29	1
272.3	1
272.31	1
272.32	1
272.33	1
272.34	1
272.35	1
272.36	1
272.37	1
272.38	1
272.39	1
272.4	1
272.41	1
272.42	1
272.43	1
272.44	1
272.45	1
272.46	1
272.47	1
272.48	1
272.49	1
272.5	1
272.51	1
272.52	1
272.53	1
272.54	1
272.55	1
272.56	1
272.57	1
272.58	1
272.59	1
272.6	1
272.61	1
272.62	1
272.63	1
272.64	1
272.65	1
272.66	1
272.67	1
272.68	1
272.69	1
272.7	1
272.71	1
272.72	1
272.73	1
272.74	1
272.75	1
272.76	1
272.77	1
272.78	1
272.79	1
272.8	1
272.81	1
272.82	1
272.83	1
272.84	1
272.85	1
272.86	1
272.87	1
272.88	1
272.89	1
272.9	1
272.91	1
272.92	1
272.93	1
272.94	1
272.95	1
272.96	1
272.97	1
272.98	1
272.99	1
273.0	1
273.01	1
273.02	1
273.03	1
273.04	1
273.05	1
273.06	1
273.07	1
273.08	1
273.09	1
273.1	1
273.11	1
273.12	1
273.13	1
273.14	1
273.15	1
273.16	1
273.17	1
273.18	1
273.19	1
273.2	1
273.21	1
273.22	1
273.23	1
273.24	1
273.25	1
273.26	1
273.27	1
273.28	1
273.29	1
273.3	1
273.31	1
273.32	1
273.33	1
273.34	1
273.35	1
273.36	1
273.37	1
273.38	1
273.39	1
273.4	1
273.41	1
273.42	1
273.43	1
273.44	1
273.45	1
273.46	1
273.47	1
273.48	1
273.49	1
273.5	1
273.51	1
273.52	1
273.53	1
273.54	1
273.55	1
273.56	1
273.57	1
273.58	1
273.59	1
273.6	1
273.61	1
273.62	1
273.63	1
273.64	1
273.65	1
273.66	1
273.67	1
273.68	1
273.69	1
273.7	1
273.71	1
273.72	1
273.73	1
273.74	1
273.75	1
273.76	1
273.77	1
273.78	1
273.79	1
273.8	1
273.81	1
273.82	1
273.83	1
273.84	1
273.85	1
273.86	1
273.87	1
273.88	1
273.89	1
273.9	1
273.91	1
273.92	1
273.93	1
273.94	1
273.95	1
273.96	1
273.97	1
273.98	1
273.99	1
274.0	1
274.01	1
274.02	1
274.03	1
274.04	1
274.05	1
274.06	1
274.07	1
274.08	1
274.09	1
274.1	1
274.11	1
274.12	1
274.13	1
274.14	1
274.15	1
274.16	1
274.17	1
274.18	1
274.19	1
274.2	1
274.21	1
274.22	1
274.23	1
274.24	1
274.25	1
274.26	1
274.27	1
274.28	1
274.29	1
274.3	1
274.31	1
274.32	1
274.33	1
274.34	1
274.35	1
274.36	1
274.37	1
274.38	1
274.39	1
274.4	1
274.41	1
274.42	1
274.43	1
274.44	1
274.45	1
274.46	1
274.47	1
274.48	1
274.49	1
274.5	1
274.51	1
274.52	1
274.53	1
274.54	1
274.55	1
274.56	1
274.57	1
274.58	1
274.59	1
274.6	1
274.61	1
274.62	1
274.63	1
274.64	1
274.65	1
274.66	1
274.67	1
274.68	1
274.69	1
274.7	1
274.71	1
274.72	1
274.73	1
274.74	1
274.75	1
274.76	1
274.77	1
274.78	1
274.79	1
274.8	1
274.81	1
274.82	1
274.83	1
274.84	1
274.85	1
274.86	1
274.87	1
274.88	1
274.89	1
274.9	1
274.91	1
274.92	1
274.93	1
274.94	1
274.95	1
274.96	1
274.97	1
274.98	1
274.99	1
275.0	1
275.01	1
275.02	1
275.03	1
275.04	1
275.05	1
275.06	1
275.07	1
275.08	1
275.09	1
275.1	1
275.11	1
275.12	1
275.13	1
275.14	1
275.15	1
275.16	1
275.17	1
275.18	1
275.19	1
275.2	1
275.21	1
275.22	1
275.23	1
275.24	1
275.25	1
275.26	1
275.27	1
275.28	1
275.29	1
275.3	1
275.31	1
275.32	1
275.33	1
275.34	1
275.35	1
275.36	1
275.37	1
275.38	1
275.39	1
275.4	1
275.41	1
275.42	1
275.43	1
275.44	1
275.45	1
275.46	1
275.47	1
275.48	1
275.49	1
275.5	1
275.51	1
275.52	1
275.53	1
275.54	1
275.55	1
275.56	1
275.57	1
275.58	1
275.59	1
275.6	1
275.61	1
275.62	1
275.63	1
275.64	1
275.65	1
275.66	1
275.67	1
275.68	1
275.69	1
275.7	1
275.71	1
275.72	1
275.73	1
275.74	1
275.75	1
275.76	1
275.77	1
275.78	1
275.79	1
275.8	1
275.81	1
275.82	1
275.83	1
275.84	1
275.85	1
275.86	1
275.87	1
275.88	1
275.89	1
275.9	1
275.91	1
275.92	1
275.93	1
275.94	1
275.95	1
275.96	1
275.97	1
275.98	1
275.99	1
276.0	1
276.01	1
276.02	1
276.03	1
276.04	1
276.05	1
276.06	1
276.07	1
276.08	1
276.09	1
276.1	1
276.11	1
276.12	1
276.13	1
276.14	1
276.15	1
276.16	1
276.17	1
276.18	1
276.19	1
276.2	1
276.21	1
276.22	1
276.23	1
276.24	1
276.25	1
276.26	1
276.27	1
276.28	1
276.29	1
276.3	1
276.31	1
276.32	1
276.33	1
276.34	1
276.35	1
276.36	1
276.37	1
276.38	1
276.39	1
276.4	1
276.41	1
276.42	1
276.43	1
276.44	1
276.45	1
276.46	1
276.47	1
276.48	1
276.49	1
276.5	1
276.51	1
276.52	1
276.53	1
276.54	1
276.55	1
276.56	1
276.57	1
276.58	1
276.59	1
276.6	1
276.61	1
276.62	1
276.63	1
276.64	1
276.65	1
276.66	1
276.67	1
276.68	1
276.69	1
276.7	1
276.71	1
276.72	1
276.73	1
276.74	1
276.75	1
276.76	1
276.77	1
276.78	1
276.79	1
276.8	1
276.81	1
276.82	1
276.83	1
276.84	1
276.85	1
276.86	1
276.87	1
276.88	1
276.89	1
276.9	1
276.91	1
276.92	1
276.93	1
276.94	1
276.95	1
276.96	1
276.97	1
276.98	1
276.99	1
277.0	1
277.01	1
277.02	1
277.03	1
277.04	1
277.05	1
277.06	1
277.07	1
277.08	1
277.09	1
277.1	1
277.11	1
277.12	1
277.13	1
277.14	1
277.15	1
277.16	1
277.17	1
277.18	1
277.19	1
277.2	1
277.21	1
277.22	1
277.23	1
277.24	1
277.25	1
277.26	1
277.27	1
277.28	1
277.29	1
277.3	1
277.31	1
277.32	1
277.33	1
277.34	1
277.35	1
277.36	1
277.37	1
277.38	1
277.39	1
277.4	1
277.41	1
277.42	1
277.43	1
277.44	1
277.45	1
277.46	1
277.47	1
277.48	1
277.49	1
277.5	1
277.51	1
277.52	1
277.53	1
277.54	1
277.55	1
277.56	1
277.57	1
277.58	1
277.59	1
277.6	1
277.61	1
277.62	1
277.63	1
277.64	1
277.65	1
277.66	1
277.67	1
277.68	1
277.69	1
277.7	1
277.71	1
277.72	1
277.73	1
277.74	1
277.75	1
277.76	1
277.77	1
277.78	1
277.79	1
277.8	1
277.81	1
277.82	1
277.83	1
277.84	1
277.85	1
277.86	1
277.87	1
277.88	1
277.89	1
277.9	1
277.91	1
277.92	1
277.93	1
277.94	1
277.95	1
277.96	1
277.97	1
277.98	1
277.99	1
278.0	1
278.01	1
278.02	1
278.03	1
278.04	1
278.05	1
278.06	1
278.07	1
278.08	1
278.09	1
278.1	1
278.11	1
278.12	1
278.13	1
278.14	1
278.15	1
278.16	1
278.17	1
278.18	1
278.19	1
278.2	1
278.21	1
278.22	1
278.23	1
278.24	1
278.25	1
278.26	1
278.27	1
278.28	1
278.29	1
278.3	1
278.31	1
278.32	1
278.33	1
278.34	1
278.35	1
278.36	1
278.37	1
278.38	1
278.39	1
278.4	1
278.41	1
278.42	1
278.43	1
278.44	1
278.45	1
278.46	1
278.47	1
278.48	1
278.49	1
278.5	1
278.51	1
278.52	1
278.53	1
278.54	1
278.55	1
278.56	1
278.57	1
278.58	1
278.59	1
278.6	1
278.61	1
278.62	1
278.63	1
278.64	1
278.65	1
278.66	1
278.67	1
278.68	1
278.69	1
278.7	1
278.71	1
278.72	1
278.73	1
278.74	1
278.75	1
278.76	1
278.77	1
278.78	1
278.79	1
278.8	1
278.81	1
278.82	1
278.83	1
278.84	1
278.85	1
278.86	1
278.87	1
278.88	1
278.89	1
278.9	1
278.91	1
278.92	1
278.93	1
278.94	1
278.95	1
278.96	1
278.97	1
278.98	1
278.99	1
279.0	1
279.01	1
279.02	1
279.03	1
279.04	1
279.05	1
279.06	1
279.07	1
279.08	1
279.09	1
279.1	1
279.11	1
279.12	1
279.13	1
279.14	1
279.15	1
279.16	1
279.17	1
279.18	1
279.19	1
279.2	1
279.21	1
279.22	1
279.23	1
279.24	1
279.25	1
279.26	1
279.27	1
279.28	1
279.29	1
279.3	1
279.31	1
279.32	1
279.33	1
279.34	1
279.35	1
279.36	1
279.37	1
279.38	1
279.39	1
279.4	1
279.41	1
279.42	1
279.43	1
279.44	1
279.45	1
279.46	1
279.47	1
279.48	1
279.49	1
279.5	1
279.51	1
279.52	1
279.53	1
279.54	1
279.55	1
279.56	1
279.57	1
279.58	1
279.59	1
279.6	1
279.61	1
279.62	1
279.63	1
279.64	1
279.65	1
279.66	1
279.67	1
279.68	1
279.69	1
279.7	1
279.71	1
279.72	1
279.73	1
279.74	1
279.75	1
279.76	1
279.77	1
279.78	1
279.79	1
279.8	1
279.81	1
279.82	1
279.83	1
279.84	1
279.85	1
279.86	1
279.87	1
279.88	1
279.89	1
279.9	1
279.91	1
279.92	1
279.93	1
279.94	1
279.95	1
279.96	1
279.97	1
279.98	1
279.99	1
280.0	1
280.01	1
280.02	1
280.03	1
280.04	1
280.05	1
280.06	1
280.07	1
280.08	1
280.09	1
280.1	1
280.11	1
280.12	1
280.13	1
280.14	1
280.15	1
280.16	1
280.17	1
280.18	1
280.19	1
280.2	1
280.21	1
280.22	1
280.23	1
280.24	1
280.25	1
280.26	1
280.27	1
280.28	1
280.29	1
280.3	1
280.31	1
280.32	1
280.33	1
280.34	1
280.35	1
280.36	1
280.37	1
280.38	1
280.39	1
280.4	1
280.41	1
280.42	1
280.43	1
280.44	1
280.45	1
280.46	1
280.47	1
280.48	1
280.49	1
280.5	1
280.51	1
280.52	1
280.53	1
280.54	1
280.55	1
280.56	1
280.57	1
280.58	1
280.59	1
280.6	1
280.61	1
280.62	1
280.63	1
280.64	1
280.65	1
280.66	1
280.67	1
280.68	1
280.69	1
280.7	1
280.71	1
280.72	1
280.73	1
280.74	1
280.75	1
280.76	1
280.77	1
280.78	1
280.79	1
280.8	1
280.81	1
280.82	1
280.83	1
280.84	1
280.85	1
280.86	1
280.87	1
280.88	1
280.89	1
280.9	1
280.91	1
280.92	1
280.93	1
280.94	1
280.95	1
280.96	1
280.97	1
280.98	1
280.99	1
281.0	1
281.01	1
281.02	1
281.03	1
281.04	1
281.05	1
281.06	1
281.07	1
281.08	1
281.09	1
281.1	1
281.11	1
281.12	1
281.13	1
281.14	1
281.15	1
281.16	1
281.17	1
281.18	1
281.19	1
281.2	1
281.21	1
281.22	1
281.23	1
281.24	1
281.25	1
281.26	1
281.27	1
281.28	1
281.29	1
281.3	1
281.31	1
281.32	1
281.33	1
281.34	1
281.35	1
281.36	1
281.37	1
281.38	1
281.39	1
281.4	1
281.41	1
281.42	1
281.43	1
281.44	1
281.45	1
281.46	1
281.47	1
281.48	1
281.49	1
281.5	1
281.51	1
281.52	1
281.53	1
281.54	1
281.55	1
281.56	1
281.57	1
281.58	1
281.59	1
281.6	1
281.61	1
281.62	1
281.63	1
281.64	1
281.65	1
281.66	1
281.67	1
281.68	1
281.69	1
281.7	1
281.71	1
281.72	1
281.73	1
281.74	1
281.75	1
281.76	1
281.77	1
281.78	1
281.79	1
281.8	1
281.81	1
281.82	1
281.83	1
281.84	1
281.85	1
281.86	1
281.87	1
281.88	1
281.89	1
281.9	1
281.91	1
281.92	1
281.93	1
281.94	1
281.95	1
281.96	1
281.97	1
281.98	1
281.99	1
282.0	1
282.01	1
282.02	1
282.03	1
282.04	1
282.05	1
282.06	1
282.07	1
282.08	1
282.09	1
282.1	1
282.11	1
282.12	1
282.13	1
282.14	1
282.15	1
282.16	1
282.17	1
282.18	1
282.19	1
282.2	1
282.21	1
282.22	1
282.23	1
282.24	1
282.25	1
282.26	1
282.27	1
282.28	1
282.29	1
282.3	1
282.31	1
282.32	1
282.33	1
282.34	1
282.35	1
282.36	1
282.37	1
282.38	1
282.39	1
282.4	1
282.41	1
282.42	1
282.43	1
282.44	1
282.45	1
282.46	1
282.47	1
282.48	1
282.49	1
282.5	1
282.51	1
282.52	1
282.53	1
282.54	1
282.55	1
282.56	1
282.57	1
282.58	1
282.59	1
282.6	1
282.61	1
282.62	1
282.63	1
282.64	1
282.65	1
282.66	1
282.67	1
282.68	1
282.69	1
282.7	1
282.71	1
282.72	1
282.73	1
282.74	1
282.75	1
282.76	1
282.77	1
282.78	1
282.79	1
282.8	1
282.81	1
282.82	1
282.83	1
282.84	1
282.85	1
282.86	1
282.87	1
282.88	1
282.89	1
282.9	1
282.91	1
282.92	1
282.93	1
282.94	1
282.95	1
282.96	1
282.97	1
282.98	1
282.99	1
283.0	1
283.01	1
283.02	1
283.03	1
283.04	1
283.05	1
283.06	1
283.07	1
283.08	1
283.09	1
283.1	1
283.11	1
283.12	1
283.13	1
283.14	1
283.15	1
283.16	1
283.17	1
283.18	1
283.19	1
283.2	1
283.21	1
283.22	1
283.23	1
283.24	1
283.25	1
283.26	1
283.27	1
283.28	1
283.29	1
283.3	1
283.31	1
283.32	1
283.33	1
283.34	1
283.35	1
283.36	1
283.37	1
283.38	1
283.39	1
283.4	1
283.41	1
283.42	1
283.43	1
283.44	1
283.45	1
283.46	1
283.47	1
283.48	1
283.49	1
283.5	1
283.51	1
283.52	1
283.53	1
283.54	1
283.55	1
283.56	1
283.57	1
283.58	1
283.59	1
283.6	1
283.61	1
283.62	1
283.63	1
283.64	1
283.65	1
283.66	1
283.67	1
283.68	1
283.69	1
283.7	1
283.71	1
283.72	1
283.73	1
283.74	1
283.75	1
283.76	1
283.77	1
283.78	1
283.79	1
283.8	1
283.81	1
283.82	1
283.83	1
283.84	1
283.85	1
283.86	1
283.87	1
283.88	1
283.89	1
283.9	1
283.91	1
283.92	1
283.93	1
283.94	1
283.95	1
283.96	1
283.97	1
283.98	1
283.99	1
284.0	1
284.01	1
284.02	1
284.03	1
284.04	1
284.05	1
284.06	1
284.07	1
284.08	1
284.09	1
284.1	1
284.11	1
284.12	1
284.13	1
284.14	1
284.15	1
284.16	1
284.17	1
284.18	1
284.19	1
284.2	1
284.21	1
284.22	1
284.23	1
284.24	1
284.25	1
284.26	1
284.27	1
284.28	1
284.29	1
284.3	1
284.31	1
284.32	1
284.33	1
284.34	1
284.35	1
284.36	1
284.37	1
284.38	1
284.39	1
284.4	1
284.41	1
284.42	1
284.43	1
284.44	1
284.45	1
284.46	1
284.47	1
284.48	1
284.49	1
284.5	1
284.51	1
284.52	1
284.53	1
284.54	1
284.55	1
284.56	1
284.57	1
284.58	1
284.59	1
284.6	1
284.61	1
284.62	1
284.63	1
284.64	1
284.65	1
284.66	1
284.67	1
284.68	1
284.69	1
284.7	1
284.71	1
284.72	1
284.73	1
284.74	1
284.75	1
284.76	1
284.77	1
284.78	1
284.79	1
284.8	1
284.81	1
284.82	1
284.83	1
284.84	1
284.85	1
284.86	1
284.87	1
284.88	1
284.89	1
284.9	1
284.91	1
284.92	1
284.93	1
284.94	1
284.95	1
284.96	1
284.97	1
284.98	1
284.99	1
285.0	1
285.01	1
285.02	1
285.03	1
285.04	1
285.05	1
285.06	1
285.07	1
285.08	1
285.09	1
285.1	1
285.11	1
285.12	1
285.13	1
285.14	1
285.15	1
285.16	1
285.17	1
285.18	1
285.19	1
285.2	1
285.21	1
285.22	1
285.23	1
285.24	1
285.25	1
285.26	1
285.27	1
285.28	1
285.29	1
285.3	1
285.31	1
285.32	1
285.33	1
285.34	1
285.35	1
285.36	1
285.37	1
285.38	1
285.39	1
285.4	1
285.41	1
285.42	1
285.43	1
285.44	1
285.45	1
285.46	1
285.47	1
285.48	1
285.49	1
285.5	1
285.51	1
285.52	1
285.53	1
285.54	1
285.55	1
285.56	1
285.57	1
285.58	1
285.59	1
285.6	1
285.61	1
285.62	1
285.63	1
285.64	1
285.65	1
285.66	1
285.67	1
285.68	1
285.69	1
285.7	1
285.71	1
285.72	1
285.73	1
285.74	1
285.75	1
285.76	1
285.77	1
285.78	1
285.79	1
285.8	1
285.81	1
285.82	1
285.83	1
285.84	1
285.85	1
285.86	1
285.87	1
285.88	1
285.89	1
285.9	1
285.91	1
285.92	1
285.93	1
285.94	1
285.95	1
285.96	1
285.97	1
285.98	1
285.99	1
286.0	1
286.01	1
286.02	1
286.03	1
286.04	1
286.05	1
286.06	1
286.07	1
286.08	1
286.09	1
286.1	1
286.11	1
286.12	1
286.13	1
286.14	1
286.15	1
286.16	1
286.17	1
286.18	1
286.19	1
286.2	1
286.21	1
286.22	1
286.23	1
286.24	1
286.25	1
286.26	1
286.27	1
286.28	1
286.29	1
286.3	1
286.31	1
286.32	1
286.33	1
286.34	1
286.35	1
286.36	1
286.37	1
286.38	1
286.39	1
286.4	1
286.41	1
286.42	1
286.43	1
286.44	1
286.45	1
286.46	1
286.47	1
286.48	1
286.49	1
286.5	1
286.51	1
286.52	1
286.53	1
286.54	1
286.55	1
286.56	1
286.57	1
286.58	1
286.59	1
286.6	1
286.61	1
286.62	1
286.63	1
286.64	1
286.65	1
286.66	1
286.67	1
286.68	1
286.69	1
286.7	1
286.71	1
286.72	1
286.73	1
286.74	1
286.75	1
286.76	1
286.77	1
286.78	1
286.79	1
286.8	1
286.81	1
286.82	1
286.83	1
286.84	1
286.85	1
286.86	1
286.87	1
286.88	1
286.89	1
286.9	1
286.91	1
286.92	1
286.93	1
286.94	1
286.95	1
286.96	1
286.97	1
286.98	1
286.99	1
287.0	1
287.01	1
287.02	1
287.03	1
287.04	1
287.05	1
287.06	1
287.07	1
287.08	1
287.09	1
287.1	1
287.11	1
287.12	1
287.13	1
287.14	1
287.15	1
287.16	1
287.17	1
287.18	1
287.19	1
287.2	1
287.21	1
287.22	1
287.23	1
287.24	1
287.25	1
287.26	1
287.27	1
287.28	1
287.29	1
287.3	1
287.31	1
287.32	1
287.33	1
287.34	1
287.35	1
287.36	1
287.37	1
287.38	1
287.39	1
287.4	1
287.41	1
287.42	1
287.43	1
287.44	1
287.45	1
287.46	1
287.47	1
287.48	1
287.49	1
287.5	1
287.51	1
287.52	1
287.53	1
287.54	1
287.55	1
287.56	1
287.57	1
287.58	1
287.59	1
287.6	1
287.61	1
287.62	1
287.63	1
287.64	1
287.65	1
287.66	1
287.67	1
287.68	1
287.69	1
287.7	1
287.71	1
287.72	1
287.73	1
287.74	1
287.75	1
287.76	1
287.77	1
287.78	1
287.79	1
287.8	1
287.81	1
287.82	1
287.83	1
287.84	1
287.85	1
287.86	1
287.87	1
287.88	1
287.89	1
287.9	1
287.91	1
287.92	1
287.93	1
287.94	1
287.95	1
287.96	1
287.97	1
287.98	1
287.99	1
288.0	1
288.01	1
288.02	1
288.03	1
288.04	1
288.05	1
288.06	1
288.07	1
288.08	1
288.09	1
288.1	1
288.11	1
288.12	1
288.13	1
288.14	1
288.15	1
288.16	1
288.17	1
288.18	1
288.19	1
288.2	1
288.21	1
288.22	1
288.23	1
288.24	1
288.25	1
288.26	1
288.27	1
288.28	1
288.29	1
288.3	1
288.31	1
288.32	1
288.33	1
288.34	1
288.35	1
288.36	1
288.37	1
288.38	1
288.39	1
288.4	1
288.41	1
288.42	1
288.43	1
288.44	1
288.45	1
288.46	1
288.47	1
288.48	1
288.49	1
288.5	1
288.51	1
288.52	1
288.53	1
288.54	1
288.55	1
288.56	1
288.57	1
288.58	1
288.59	1
288.6	1
288.61	1
288.62	1
288.63	1
288.64	1
288.65	1
288.66	1
288.67	1
288.68	1
288.69	1
288.7	1
288.71	1
288.72	1
288.73	1
288.74	1
288.75	1
288.76	1
288.77	1
288.78	1
288.79	1
288.8	1
288.81	1
288.82	1
288.83	1
288.84	1
288.85	1
288.86	1
288.87	1
288.88	1
288.89	1
288.9	1
288.91	1
288.92	1
288.93	1
288.94	1
288.95	1
288.96	1
288.97	1
288.98	1
288.99	1
289.0	1
289.01	1
289.02	1
289.03	1
289.04	1
289.05	1
289.06	1
289.07	1
289.08	1
289.09	1
289.1	1
289.11	1
289.12	1
289.13	1
289.14	1
289.15	1
289.16	1
289.17	1
289.18	1
289.19	1
289.2	1
289.21	1
289.22	1
289.23	1
289.24	1
289.25	1
289.26	1
289.27	1
289.28	1
289.29	1
289.3	1
289.31	1
289.32	1
289.33	1
289.34	1
289.35	1
289.36	1
289.37	1
289.38	1
289.39	1
289.4	1
289.41	1
289.42	1
289.43	1
289.44	1
289.45	1
289.46	1
289.47	1
289.48	1
289.49	1
289.5	1
289.51	1
289.52	1
289.53	1
289.54	1
289.55	1
289.56	1
289.57	1
289.58	1
289.59	1
289.6	1
289.61	1
289.62	1
289.63	1
289.64	1
289.65	1
289.66	1
289.67	1
289.68	1
289.69	1
289.7	1
289.71	1
289.72	1
289.73	1
289.74	1
289.75	1
289.76	1
289.77	1
289.78	1
289.79	1
289.8	1
289.81	1
289.82	1
289.83	1
289.84	1
289.85	1
289.86	1
289.87	1
289.88	1
289.89	1
289.9	1
289.91	1
289.92	1
289.93	1
289.94	1
289.95	1
289.96	1
289.97	1
289.98	1
289.99	1
290.0	1
290.01	1
290.02	1
290.03	1
290.04	1
290.05	1
290.06	1
290.07	1
290.08	1
290.09	1
290.1	1
290.11	1
290.12	1
290.13	1
290.14	1
290.15	1
290.16	1
290.17	1
290.18	1
290.19	1
290.2	1
290.21	1
290.22	1
290.23	1
290.24	1
290.25	1
290.26	1
290.27	1
290.28	1
290.29	1
290.3	1
290.31	1
290.32	1
290.33	1
290.34	1
290.35	1
290.36	1
290.37	1
290.38	1
290.39	1
290.4	1
290.41	1
290.42	1
290.43	1
290.44	1
290.45	1
290.46	1
290.47	1
290.48	1
290.49	1
290.5	1
290.51	1
290.52	1
290.53	1
290.54	1
290.55	1
290.56	1
290.57	1
290.58	1
290.59	1
290.6	1
290.61	1
290.62	1
290.63	1
290.64	1
290.65	1
290.66	1
290.67	1
290.68	1
290.69	1
290.7	1
290.71	1
290.72	1
290.73	1
290.74	1
290.75	1
290.76	1
290.77	1
290.78	1
290.79	1
290.8	1
290.81	1
290.82	1
290.83	1
290.84	1
290.85	1
290.86	1
290.87	1
290.88	1
290.89	1
290.9	1
290.91	1
290.92	1
290.93	1
290.94	1
290.95	1
290.96	1
290.97	1
290.98	1
290.99	1
291.0	1
291.01	1
291.02	1
291.03	1
291.04	1
291.05	1
291.06	1
291.07	1
291.08	1
291.09	1
291.1	1
291.11	1
291.12	1
291.13	1
291.14	1
291.15	1
291.16	1
291.17	1
291.18	1
291.19	1
291.2	1
291.21	1
291.22	1
291.23	1
291.24	1
291.25	1
291.26	1
291.27	1
291.28	1
291.29	1
291.3	1
291.31	1
291.32	1
291.33	1
291.34	1
291.35	1
291.36	1
291.37	1
291.38	1
291.39	1
291.4	1
291.41	1
291.42	1
291.43	1
291.44	1
291.45	1
291.46	1
291.47	1
291.48	1
291.49	1
291.5	1
291.51	1
291.52	1
291.53	1
291.54	1
291.55	1
291.56	1
291.57	1
291.58	1
291.59	1
291.6	1
291.61	1
291.62	1
291.63	1
291.64	1
291.65	1
291.66	1
291.67	1
291.68	1
291.69	1
291.7	1
291.71	1
291.72	1
291.73	1
291.74	1
291.75	1
291.76	1
291.77	1
291.78	1
291.79	1
291.8	1
291.81	1
291.82	1
291.83	1
291.84	1
291.85	1
291.86	1
291.87	1
291.88	1
291.89	1
291.9	1
291.91	1
291.92	1
291.93	1
291.94	1
291.95	1
291.96	1
291.97	1
291.98	1
291.99	1
292.0	1
292.01	1
292.02	1
292.03	1
292.04	1
292.05	1
292.06	1
292.07	1
292.08	1
292.09	1
292.1	1
292.11	1
292.12	1
292.13	1
292.14	1
292.15	1
292.16	1
292.17	1
292.18	1
292.19	1
292.2	1
292.21	1
292.22	1
292.23	1
292.24	1
292.25	1
292.26	1
292.27	1
292.28	1
292.29	1
292.3	1
292.31	1
292.32	1
292.33	1
292.34	1
292.35	1
292.36	1
292.37	1
292.38	1
292.39	1
292.4	1
292.41	1
292.42	1
292.43	1
292.44	1
292.45	1
292.46	1
292.47	1
292.48	1
292.49	1
292.5	1
292.51	1
292.52	1
292.53	1
292.54	1
292.55	1
292.56	1
292.57	1
292.58	1
292.59	1
292.6	1
292.61	1
292.62	1
292.63	1
292.64	1
292.65	1
292.66	1
292.67	1
292.68	1
292.69	1
292.7	1
292.71	1
292.72	1
292.73	1
292.74	1
292.75	1
292.76	1
292.77	1
292.78	1
292.79	1
292.8	1
292.81	1
292.82	1
292.83	1
292.84	1
292.85	1
292.86	1
292.87	1
292.88	1
292.89	1
292.9	1
292.91	1
292.92	1
292.93	1
292.94	1
292.95	1
292.96	1
292.97	1
292.98	1
292.99	1
293.0	1
293.01	1
293.02	1
293.03	1
293.04	1
293.05	1
293.06	1
293.07	1
293.08	1
293.09	1
293.1	1
293.11	1
293.12	1
293.13	1
293.14	1
293.15	1
293.16	1
293.17	1
293.18	1
293.19	1
293.2	1
293.21	1
293.22	1
293.23	1
293.24	1
293.25	1
293.26	1
293.27	1
293.28	1
293.29	1
293.3	1
293.31	1
293.32	1
293.33	1
293.34	1
293.35	1
293.36	1
293.37	1
293.38	1
293.39	1
293.4	1
293.41	1
293.42	1
293.43	1
293.44	1
293.45	1
293.46	1
293.47	1
293.48	1
293.49	1
293.5	1
293.51	1
293.52	1
293.53	1
293.54	1
293.55	1
293.56	1
293.57	1
293.58	1
293.59	1
293.6	1
293.61	1
293.62	1
293.63	1
293.64	1
293.65	1
293.66	1
293.67	1
293.68	1
293.69	1
293.7	1
293.71	1
293.72	1
293.73	1
293.74	1
293.75	1
293.76	1
293.77	1
293.78	1
293.79	1
293.8	1
293.81	1
293.82	1
293.83	1
293.84	1
293.85	1
293.86	1
293.87	1
293.88	1
293.89	1
293.9	1
293.91	1
293.92	1
293.93	1
293.94	1
293.95	1
293.96	1
293.97	1
293.98	1
293.99	1
294.0	1
294.01	1
294.02	1
294.03	1
294.04	1
294.05	1
294.06	1
294.07	1
294.08	1
294.09	1
294.1	1
294.11	1
294.12	1
294.13	1
294.14	1
294.15	1
294.16	1
294.17	1
294.18	1
294.19	1
294.2	1
294.21	1
294.22	1
294.23	1
294.24	1
294.25	1
294.26	1
294.27	1
294.28	1
294.29	1
294.3	1
294.31	1
294.32	1
294.33	1
294.34	1
294.35	1
294.36	1
294.37	1
294.38	1
294.39	1
294.4	1
294.41	1
294.42	1
294.43	1
294.44	1
294.45	1
294.46	1
294.47	1
294.48	1
294.49	1
294.5	1
294.51	1
294.52	1
294.53	1
294.54	1
294.55	1
294.56	1
294.57	1
294.58	1
294.59	1
294.6	1
294.61	1
294.62	1
294.63	1
294.64	1
294.65	1
294.66	1
294.67	1
294.68	1
294.69	1
294.7	1
294.71	1
294.72	1
294.73	1
294.74	1
294.75	1
294.76	1
294.77	1
294.78	1
294.79	1
294.8	1
294.81	1
294.82	1
294.83	1
294.84	1
294.85	1
294.86	1
294.87	1
294.88	1
294.89	1
294.9	1
294.91	1
294.92	1
294.93	1
294.94	1
294.95	1
294.96	1
294.97	1
294.98	1
294.99	1
295.0	1
295.01	1
295.02	1
295.03	1
295.04	1
295.05	1
295.06	1
295.07	1
295.08	1
295.09	1
295.1	1
295.11	1
295.12	1
295.13	1
295.14	1
295.15	1
295.16	1
295.17	1
295.18	1
295.19	1
295.2	1
295.21	1
295.22	1
295.23	1
295.24	1
295.25	1
295.26	1
295.27	1
295.28	1
295.29	1
295.3	1
295.31	1
295.32	1
295.33	1
295.34	1
295.35	1
295.36	1
295.37	1
295.38	1
295.39	1
295.4	1
295.41	1
295.42	1
295.43	1
295.44	1
295.45	1
295.46	1
295.47	1
295.48	1
295.49	1
295.5	1
295.51	1
295.52	1
295.53	1
295.54	1
295.55	1
295.56	1
295.57	1
295.58	1
295.59	1
295.6	1
295.61	1
295.62	1
295.63	1
295.64	1
295.65	1
295.66	1
295.67	1
295.68	1
295.69	1
295.7	1
295.71	1
295.72	1
295.73	1
295.74	1
295.75	1
295.76	1
295.77	1
295.78	1
295.79	1
295.8	1
295.81	1
295.82	1
295.83	1
295.84	1
295.85	1
295.86	1
295.87	1
295.88	1
295.89	1
295.9	1
295.91	1
295.92	1
295.93	1
295.94	1
295.95	1
295.96	1
295.97	1
295.98	1
295.99	1
296.0	1
296.01	1
296.02	1
296.03	1
296.04	1
296.05	1
296.06	1
296.07	1
296.08	1
296.09	1
296.1	1
296.11	1
296.12	1
296.13	1
296.14	1
296.15	1
296.16	1
296.17	1
296.18	1
296.19	1
296.2	1
296.21	1
296.22	1
296.23	1
296.24	1
296.25	1
296.26	1
296.27	1
296.28	1
296.29	1
296.3	1
296.31	1
296.32	1
296.33	1
296.34	1
296.35	1
296.36	1
296.37	1
296.38	1
296.39	1
296.4	1
296.41	1
296.42	1
296.43	1
296.44	1
296.45	1
296.46	1
296.47	1
296.48	1
296.49	1
296.5	1
296.51	1
296.52	1
296.53	1
296.54	1
296.55	1
296.56	1
296.57	1
296.58	1
296.59	1
296.6	1
296.61	1
296.62	1
296.63	1
296.64	1
296.65	1
296.66	1
296.67	1
296.68	1
296.69	1
296.7	1
296.71	1
296.72	1
296.73	1
296.74	1
296.75	1
296.76	1
296.77	1
296.78	1
296.79	1
296.8	1
296.81	1
296.82	1
296.83	1
296.84	1
296.85	1
296.86	1
296.87	1
296.88	1
296.89	1
296.9	1
296.91	1
296.92	1
296.93	1
296.94	1
296.95	1
296.96	1
296.97	1
296.98	1
296.99	1
297.0	1
297.01	1
297.02	1
297.03	1
297.04	1
297.05	1
297.06	1
297.07	1
297.08	1
297.09	1
297.1	1
297.11	1
297.12	1
297.13	1
297.14	1
297.15	1
297.16	1
297.17	1
297.18	1
297.19	1
297.2	1
297.21	1
297.22	1
297.23	1
297.24	1
297.25	1
297.26	1
297.27	1
297.28	1
297.29	1
297.3	1
297.31	1
297.32	1
297.33	1
297.34	1
297.35	1
297.36	1
297.37	1
297.38	1
297.39	1
297.4	1
297.41	1
297.42	1
297.43	1
297.44	1
297.45	1
297.46	1
297.47	1
297.48	1
297.49	1
297.5	1
297.51	1
297.52	1
297.53	1
297.54	1
297.55	1
297.56	1
297.57	1
297.58	1
297.59	1
297.6	1
297.61	1
297.62	1
297.63	1
297.64	1
297.65	1
297.66	1
297.67	1
297.68	1
297.69	1
297.7	1
297.71	1
297.72	1
297.73	1
297.74	1
297.75	1
297.76	1
297.77	1
297.78	1
297.79	1
297.8	1
297.81	1
297.82	1
297.83	1
297.84	1
297.85	1
297.86	1
297.87	1
297.88	1
297.89	1
297.9	1
297.91	1
297.92	1
297.93	1
297.94	1
297.95	1
297.96	1
297.97	1
297.98	1
297.99	1
298.0	1
298.01	1
298.02	1
298.03	1
298.04	1
298.05	1
298.06	1
298.07	1
298.08	1
298.09	1
298.1	1
298.11	1
298.12	1
298.13	1
298.14	1
298.15	1
298.16	1
298.17	1
298.18	1
298.19	1
298.2	1
298.21	1
298.22	1
298.23	1
298.24	1
298.25	1
298.26	1
298.27	1
298.28	1
298.29	1
298.3	1
298.31	1
298.32	1
298.33	1
298.34	1
298.35	1
298.36	1
298.37	1
298.38	1
298.39	1
298.4	1
298.41	1
298.42	1
298.43	1
298.44	1
298.45	1
298.46	1
298.47	1
298.48	1
298.49	1
298.5	1
298.51	1
298.52	1
298.53	1
298.54	1
298.55	1
298.56	1
298.57	1
298.58	1
298.59	1
298.6	1
298.61	1
298.62	1
298.63	1
298.64	1
298.65	1
298.66	1
298.67	1
298.68	1
298.69	1
298.7	1
298.71	1
298.72	1
298.73	1
298.74	1
298.75	1
298.76	1
298.77	1
298.78	1
298.79	1
298.8	1
298.81	1
298.82	1
298.83	1
298.84	1
298.85	1
298.86	1
298.87	1
298.88	1
298.89	1
298.9	1
298.91	1
298.92	1
298.93	1
298.94	1
298.95	1
298.96	1
298.97	1
298.98	1
298.99	1
299.0	1
