25.0	1
25.01	1
25.02	1
25.03	1
25.04	1
25.05	1
25.06	1
25.07	1
25.08	1
25.09	1
25.1	1
25.11	1
25.12	1
25.13	1
25.14	1
25.15	1
25.16	1
25.17	1
25.18	1
25.19	1
25.2	1
25.21	1
25.22	1
25.23	1
25.24	1
25.25	1
25.26	1
25.27	1
25.28	1
25.29	1
25.3	1
25.31	1
25.32	1
25.33	1
25.34	1
25.35	1
25.36	1
25.37	1
25.38	1
25.39	1
25.4	1
25.41	1
25.42	1
25.43	1
25.44	1
25.45	1
25.46	1
25.47	1
25.48	1
25.49	1
25.5	1
25.51	1
25.52	1
25.53	1
25.54	1
25.55	1
25.56	1
25.57	1
25.58	1
25.59	1
25.6	1
25.61	1
25.62	1
25.63	1
25.64	1
25.65	1
25.66	1
25.67	1
25.68	1
25.69	1
25.7	1
25.71	1
25.72	1
25.73	1
25.74	1
25.75	1
25.76	1
25.77	1
25.78	1
25.79	1
25.8	1
25.81	1
25.82	1
25.83	1
25.84	1
25.85	1
25.86	1
25.87	1
25.88	1
25.89	1
25.9	1
25.91	1
25.92	1
25.93	1
25.94	1
25.95	1
25.96	1
25.97	1
25.98	1
25.99	1
26.0	1
26.01	1
26.02	1
26.03	1
26.04	1
26.05	1
26.06	1
26.07	1
26.08	1
26.09	1
26.1	1
26.11	1
26.12	1
26.13	1
26.14	1
26.15	1
26.16	1
26.17	1
26.18	1
26.19	1
26.2	1
26.21	1
26.22	1
26.23	1
26.24	1
26.25	1
26.26	1
26.27	1
26.28	1
26.29	1
26.3	1
26.31	1
26.32	1
26.33	1
26.34	1
26.35	1
26.36	1
26.37	1
26.38	1
26.39	1
26.4	1
26.41	1
26.42	1
26.43	1
26.44	1
26.45	1
26.46	1
26.47	1
26.48	1
26.49	1
26.5	1
26.51	1
26.52	1
26.53	1
26.54	1
26.55	1
26.56	1
26.57	1
26.58	1
26.59	1
26.6	1
26.61	1
26.62	1
26.63	1
26.64	1
26.65	1
26.66	1
26.67	1
26.68	1
26.69	1
26.7	1
26.71	1
26.72	1
26.73	1
26.74	1
26.75	1
26.76	1
26.77	1
26.78	1
26.79	1
26.8	1
26.81	1
26.82	1
26.83	1
26.84	1
26.85	1
26.86	1
26.87	1
26.88	1
26.89	1
26.9	1
26.91	1
26.92	1
26.93	1
26.94	1
26.95	1
26.96	1
26.97	1
26.98	1
26.99	1
27.0	1
27.01	1
27.02	1
27.03	1
27.04	1
27.05	1
27.06	1
27.07	1
27.08	1
27.09	1
27.1	1
27.11	1
27.12	1
27.13	1
27.14	1
27.15	1
27.16	1
27.17	1
27.18	1
27.19	1
27.2	1
27.21	1
27.22	1
27.23	1
27.24	1
27.25	1
27.26	1
27.27	1
27.28	1
27.29	1
27.3	1
27.31	1
27.32	1
27.33	1
27.34	1
27.35	1
27.36	1
27.37	1
27.38	1
27.39	1
27.4	1
27.41	1
27.42	1
27.43	1
27.44	1
27.45	1
27.46	1
27.47	1
27.48	1
27.49	1
27.5	1
27.51	1
27.52	1
27.53	1
27.54	1
27.55	1
27.56	1
27.57	1
27.58	1
27.59	1
27.6	1
27.61	1
27.62	1
27.63	1
27.64	1
27.65	1
27.66	1
27.67	1
27.68	1
27.69	1
27.7	1
27.71	1
27.72	1
27.73	1
27.74	1
27.75	1
27.76	1
27.77	1
27.78	1
27.79	1
27.8	1
27.81	1
27.82	1
27.83	1
27.84	1
27.85	1
27.86	1
27.87	1
27.88	1
27.89	1
27.9	1
27.91	1
27.92	1
27.93	1
27.94	1
27.95	1
27.96	1
27.97	1
27.98	1
27.99	1
28.0	1
28.01	1
28.02	1
28.03	1
28.04	1
28.05	1
28.06	1
28.07	1
28.08	1
28.09	1
28.1	1
28.11	1
28.12	1
28.13	1
28.14	1
28.15	1
28.16	1
28.17	1
28.18	1
28.19	1
28.2	1
28.21	1
28.22	1
28.23	1
28.24	1
28.25	1
28.26	1
28.27	1
28.28	1
28.29	1
28.3	1
28.31	1
28.32	1
28.33	1
28.34	1
28.35	1
28.36	1
28.37	1
28.38	1
28.39	1
28.4	1
28.41	1
28.42	1
28.43	1
28.44	1
28.45	1
28.46	1
28.47	1
28.48	1
28.49	1
28.5	1
28.51	1
28.52	1
28.53	1
28.54	1
28.55	1
28.56	1
28.57	1
28.58	1
28.59	1
28.6	1
28.61	1
28.62	1
28.63	1
28.64	1
28.65	1
28.66	1
28.67	1
28.68	1
28.69	1
28.7	1
28.71	1
28.72	1
28.73	1
28.74	1
28.75	1
28.76	1
28.77	1
28.78	1
28.79	1
28.8	1
28.81	1
28.82	1
28.83	1
28.84	1
28.85	1
28.86	1
28.87	1
28.88	1
28.89	1
28.9	1
28.91	1
28.92	1
28.93	1
28.94	1
28.95	1
28.96	1
28.97	1
28.98	1
28.99	1
29.0	1
29.01	1
29.02	1
29.03	1
29.04	1
29.05	1
29.06	1
29.07	1
29.08	1
29.09	1
29.1	1
29.11	1
29.12	1
29.13	1
29.14	1
29.15	1
29.16	1
29.17	1
29.18	1
29.19	1
29.2	1
29.21	1
29.22	1
29.23	1
29.24	1
29.25	1
29.26	1
29.27	1
29.28	1
29.29	1
29.3	1
29.31	1
29.32	1
29.33	1
29.34	1
29.35	1
29.36	1
29.37	1
29.38	1
29.39	1
29.4	1
29.41	1
29.42	1
29.43	1
29.44	1
29.45	1
29.46	1
29.47	1
29.48	1
29.49	1
29.5	1
29.51	1
29.52	1
29.53	1
29.54	1
29.55	1
29.56	1
29.57	1
29.58	1
29.59	1
29.6	1
29.61	1
29.62	1
29.63	1
29.64	1
29.65	1
29.66	1
29.67	1
29.68	1
29.69	1
29.7	1
29.71	1
29.72	1
29.73	1
29.74	1
29.75	1
29.76	1
29.77	1
29.78	1
29.79	1
29.8	1
29.81	1
29.82	1
29.83	1
29.84	1
29.85	1
29.86	1
29.87	1
29.88	1
29.89	1
29.9	1
29.91	1
29.92	1
29.93	1
29.94	1
29.95	1
29.96	1
29.97	1
29.98	1
29.99	1
30.0	1
30.01	1
30.02	1
30.03	1
30.04	1
30.05	1
30.06	1
30.07	1
30.08	1
30.09	1
30.1	1
30.11	1
30.12	1
30.13	1
30.14	1
30.15	1
30.16	1
30.17	1
30.18	1
30.19	1
30.2	1
30.21	1
30.22	1
30.23	1
30.24	1
30.25	1
30.26	1
30.27	1
30.28	1
30.29	1
30.3	1
30.31	1
30.32	1
30.33	1
30.34	1
30.35	1
30.36	1
30.37	1
30.38	1
30.39	1
30.4	1
30.41	1
30.42	1
30.43	1
30.44	1
30.45	1
30.46	1
30.47	1
30.48	1
30.49	1
30.5	1
30.51	1
30.52	1
30.53	1
30.54	1
30.55	1
30.56	1
30.57	1
30.58	1
30.59	1
30.6	1
30.61	1
30.62	1
30.63	1
30.64	1
30.65	1
30.66	1
30.67	1
30.68	1
30.69	1
30.7	1
30.71	1
30.72	1
30.73	1
30.74	1
30.75	1
30.76	1
30.77	1
30.78	1
30.79	1
30.8	1
30.81	1
30.82	1
30.83	1
30.84	1
30.85	1
30.86	1
30.87	1
30.88	1
30.89	1
30.9	1
30.91	1
30.92	1
30.93	1
30.94	1
30.95	1
30.96	1
30.97	1
30.98	1
30.99	1
31.0	1
31.01	1
31.02	1
31.03	1
31.04	1
31.05	1
31.06	1
31.07	1
31.08	1
31.09	1
31.1	1
31.11	1
31.12	1
31.13	1
31.14	1
31.15	1
31.16	1
31.17	1
31.18	1
31.19	1
31.2	1
31.21	1
31.22	1
31.23	1
31.24	1
31.25	1
31.26	1
31.27	1
31.28	1
31.29	1
31.3	1
31.31	1
31.32	1
31.33	1
31.34	1
31.35	1
31.36	1
31.37	1
31.38	1
31.39	1
31.4	1
31.41	1
31.42	1
31.43	1
31.44	1
31.45	1
31.46	1
31.47	1
31.48	1
31.49	1
31.5	1
31.51	1
31.52	1
31.53	1
31.54	1
31.55	1
31.56	1
31.57	1
31.58	1
31.59	1
31.6	1
31.61	1
31.62	1
31.63	1
31.64	1
31.65	1
31.66	1
31.67	1
31.68	1
31.69	1
31.7	1
31.71	1
31.72	1
31.73	1
31.74	1
31.75	1
31.76	1
31.77	1
31.78	1
31.79	1
31.8	1
31.81	1
31.82	1
31.83	1
31.84	1
31.85	1
31.86	1
31.87	1
31.88	1
31.89	1
31.9	1
31.91	1
31.92	1
31.93	1
31.94	1
31.95	1
31.96	1
31.97	1
31.98	1
31.99	1
32.0	1
32.01	1
32.02	1
32.03	1
32.04	1
32.05	1
32.06	1
32.07	1
32.08	1
32.09	1
32.1	1
32.11	1
32.12	1
32.13	1
32.14	1
32.15	1
32.16	1
32.17	1
32.18	1
32.19	1
32.2	1
32.21	1
32.22	1
32.23	1
32.24	1
32.25	1
32.26	1
32.27	1
32.28	1
32.29	1
32.3	1
32.31	1
32.32	1
32.33	1
32.34	1
32.35	1
32.36	1
32.37	1
32.38	1
32.39	1
32.4	1
32.41	1
32.42	1
32.43	1
32.44	1
32.45	1
32.46	1
32.47	1
32.48	1
32.49	1
32.5	1
32.51	1
32.52	1
32.53	1
32.54	1
32.55	1
32.56	1
32.57	1
32.58	1
32.59	1
32.6	1
32.61	1
32.62	1
32.63	1
32.64	1
32.65	1
32.66	1
32.67	1
32.68	1
32.69	1
32.7	1
32.71	1
32.72	1
32.73	1
32.74	1
32.75	1
32.76	1
32.77	1
32.78	1
32.79	1
32.8	1
32.81	1
32.82	1
32.83	1
32.84	1
32.85	1
32.86	1
32.87	1
32.88	1
32.89	1
32.9	1
32.91	1
32.92	1
32.93	1
32.94	1
32.95	1
32.96	1
32.97	1
32.98	1
32.99	1
33.0	1
33.01	1
33.02	1
33.03	1
33.04	1
33.05	1
33.06	1
33.07	1
33.08	1
33.09	1
33.1	1
33.11	1
33.12	1
33.13	1
33.14	1
33.15	1
33.16	1
33.17	1
33.18	1
33.19	1
33.2	1
33.21	1
33.22	1
33.23	1
33.24	1
33.25	1
33.26	1
33.27	1
33.28	1
33.29	1
33.3	1
33.31	1
33.32	1
33.33	1
33.34	1
33.35	1
33.36	1
33.37	1
33.38	1
33.39	1
33.4	1
33.41	1
33.42	1
33.43	1
33.44	1
33.45	1
33.46	1
33.47	1
33.48	1
33.49	1
33.5	1
33.51	1
33.52	1
33.53	1
33.54	1
33.55	1
33.56	1
33.57	1
33.58	1
33.59	1
33.6	1
33.61	1
33.62	1
33.63	1
33.64	1
33.65	1
33.66	1
33.67	1
33.68	1
33.69	1
33.7	1
33.71	1
33.72	1
33.73	1
33.74	1
33.75	1
33.76	1
33.77	1
33.78	1
33.79	1
33.8	1
33.81	1
33.82	1
33.83	1
33.84	1
33.85	1
33.86	1
33.87	1
33.88	1
33.89	1
33.9	1
33.91	1
33.92	1
33.93	1
33.94	1
33.95	1
33.96	1
33.97	1
33.98	1
33.99	1
34.0	1
